-1.0099,-1.0319,0.97938,1
1.0162,0.99917,1.0092,-1
-0.99631,-0.99053,0.96102,1
-0.94706,-1.0391,-0.95272,1
0.98149,0.98657,0.90882,-1
0.98877,0.99916,1.0111,-1
1.0065,1.0391,1.0805,-1
-0.99735,0.99867,0.99981,1
-0.95907,-0.96556,-1.0245,1
0.99006,0.97198,0.94967,-1
-1.0176,-0.93012,1.0582,1
-1.0039,1.0035,0.98943,1
0.95093,0.93883,1.0068,-1
1.0004,-0.99923,-1.0121,-1
-1.0229,-1.0372,-1.0856,1
0.9406,1.0242,-1.0424,1
1.0692,-1.0131,-1.0465,-1
-0.99923,-1.0134,1.0051,1
0.99174,-0.98739,1.0264,-1
-0.99026,0.98509,0.99411,1
-1.0134,-1.0326,-0.93756,1
-0.9857,1.005,0.98113,1
-1.009,1.0278,-0.97497,-1
-1.0144,0.96347,0.93277,1
-1.0397,1.0232,-1.084,-1
1.0186,-0.97241,-1.0239,-1
1.0184,0.98442,1.0362,-1
-1.0023,-1.0022,-1.0602,1
1.0309,-0.98422,-1.0436,-1
-0.91034,0.98406,-1.0368,-1
1.0184,0.98659,-0.99181,1
0.99382,-0.91006,-1.0188,-1
-1.0507,0.96717,-1.0183,-1
1.0206,1.0164,0.95412,-1
-0.97071,0.98351,-0.94816,-1
-0.99997,1,-1.0021,-1
-0.98498,0.99474,-0.99625,-1
-0.99986,-0.99981,0.98934,1
-1.0154,1.0024,-0.99698,-1
1.0022,1.0225,-0.98045,1
-1.0013,-0.99697,-0.98664,1
0.93689,-0.99315,0.9757,-1
1.0076,0.96862,-1.0303,1
-0.95543,-1.0122,1.0381,1
0.99997,-0.99983,-0.99983,-1
-0.99308,1.0092,1.0112,1
1.0206,1.0083,1.023,-1
-1.0213,0.95109,-1.0116,-1
-1.0081,-1.0071,0.97284,1
0.99944,0.99821,-0.99505,1
-0.98766,0.99518,1.0193,1
-1.01,0.94398,-1.0476,-1
-0.9835,0.99665,1.0655,1
0.99596,-0.98606,0.96064,-1
-1.001,1.0148,-0.98324,-1
0.99794,0.99457,-0.98683,1
-1.0002,-0.99498,1.0373,1
0.98109,-0.93624,-0.99857,-1
0.99163,0.9923,-0.93976,1
-1.0139,1.0357,-1.0782,-1
-1.0008,-1.0013,1.0255,1
0.98954,-0.99456,-1.0339,-1
-0.95115,1.0319,-1.052,-1
-1.001,0.999,-1.005,-1
-0.95681,1.0304,1.0041,1
-1.0058,-1.0006,-1.0459,1
-0.97833,1.0234,-0.92924,-1
-1.0172,0.98291,0.99281,1
-1.0736,0.95937,-0.97351,-1
-0.92481,1.006,-0.9514,-1
-0.91613,-1.0191,-0.98248,1
-0.98233,-0.99146,0.9183,1
-1.0213,-0.97922,0.99598,1
0.98991,1.0005,0.97435,-1
-0.99729,-0.99537,-1.0169,1
0.98072,0.97345,1.0186,-1
0.9653,-0.91266,0.97461,-1
-0.97853,0.99682,1.0168,1
-0.98365,0.97044,-1.0232,-1
0.98918,-1.0138,-1.0654,-1
0.93394,-1.0368,-0.98061,-1
0.99075,1.0561,0.96465,-1
-0.91033,1.0028,-0.99866,-1
-1.0117,-0.92467,-1.0211,1
1.0247,0.95802,-0.98279,1
-1.04,-0.93244,0.95881,1
0.99674,1.0027,-1.0134,1
0.99078,-0.99525,1.0051,-1
-1.0012,-0.93082,1.0226,1
0.97768,-1.0138,0.97148,-1
1.0013,0.99756,-0.99511,1
-1,-1.0001,1.0011,1
-1.0031,0.96425,-1.0212,-1
-0.99681,-1.0054,0.90453,1
0.98509,0.99091,0.97543,-1
1.0675,-0.95279,1.0332,-1
-1.0095,-1.0404,0.9565,1
-0.99848,1.0023,1.0253,1
1.0561,-1.0147,-0.92892,-1
0.9743,0.97281,0.98825,-1
1.0024,1.0537,-0.95061,1
0.99346,0.97091,-0.95673,1
0.99988,-0.9953,1.0012,-1
-0.994,0.97897,-1.0154,-1
-1.0059,0.9881,1.0089,1
0.97434,-1.0023,1.0622,-1
1.0052,1.0091,0.96794,-1
-0.99827,1.0019,-1.0833,-1
1.0145,1.0054,1.0423,-1
1.0181,-0.98327,-0.98356,-1
-0.95022,1.0247,0.97091,1
1.053,1.0349,-0.93621,1
-0.94621,-0.98639,0.99351,1
0.92828,-0.97344,-0.96337,-1
-0.99386,-1.0266,-1.0734,1
1.0532,-0.97695,0.97514,-1
1.0549,1.064,1.0236,-1
1.0034,0.92938,0.97789,-1
-0.99722,1.0125,1.0262,1
-1.002,0.99948,-0.9126,-1
-0.96026,-0.95866,1.0356,1
-1.0101,-1.0319,0.99862,1
0.94923,-1.0505,1.0291,-1
0.99993,1.0002,-1.0002,1
-0.96254,0.97123,-0.97158,-1
-0.99491,1.0023,-1.0014,-1
0.95584,1.048,-1.0419,1
-0.99915,0.99801,1.0143,1
-0.95729,-0.98263,-1.0613,1
-0.98133,1.0159,0.91097,1
1.0107,-0.99403,-0.99635,-1
-1.003,1.0196,-0.95832,-1
0.99857,-1.0013,1.0075,-1
1.0193,1.0174,-0.9684,1
-0.99158,0.98894,-1.0652,-1
0.99055,0.98524,-1.0015,1
1.0022,-1.0167,1.0104,-1
-1.008,1.0209,0.98119,1
-0.98157,-0.98755,-0.99486,1
1.0275,0.99303,-0.93696,1
1.0558,1.0403,-1.0055,1
1.0331,0.98416,0.98845,-1
0.99893,1.0036,-0.99948,1
-1.006,-1.0072,1.0066,1
1.0183,-1.0324,0.92283,-1
1.0125,-0.98726,1.0273,-1
-0.99597,1.0106,-1.0023,-1
-1.0009,0.99608,-1.0077,-1
-0.95841,-1.0292,-0.96693,1
-1.0028,-1.0035,-1.0293,1
1.0073,0.99101,-1.0166,1
-1.0708,-1.0594,-0.99204,1
-0.99067,-1.0267,0.99249,1
-0.94656,-1.0404,0.98378,1
1.0118,-0.98493,1.0189,-1
0.99834,1.0322,0.97625,-1
-0.96824,1.0179,1.0251,1
-0.98202,-0.93494,-1.0511,1
-1.0281,1.0193,1.0191,1
1.0401,-1.008,-1.0902,-1
1.042,1.0013,-1.0104,1
1.0158,0.95976,1.0098,-1
1.0119,0.98613,0.95046,-1
-1.0167,-0.97414,0.99621,1
1.0064,-0.98512,-1.0399,-1
0.99716,-1.0003,-0.98316,-1
-0.97249,-1.0506,-0.99139,1
-0.99773,1.012,0.99881,1
-0.96171,0.96015,-1.0244,-1
-1.0226,1.0435,-1.0634,-1
1.0048,0.99914,-1.0098,1
0.99599,1.0074,-0.97582,1
-1.0505,-0.98247,-0.93897,1
-0.98402,-0.99229,-1.0888,1
-1.0018,0.99566,1.0086,1
-1.013,1.0448,0.98149,1
1.0119,-0.96514,1.0033,-1
-0.977,-0.92869,1.0539,1
0.96167,-0.94325,-1.0363,-1
1.0343,-0.99489,-1.0177,-1
-0.96476,-0.96948,-0.97823,1
1.0547,-0.93753,-1.0016,-1
1.0184,-0.98694,-0.99222,-1
1.0001,-0.99978,0.96528,-1
0.99926,1.0011,0.94154,-1
0.94357,0.98782,-1.053,1
-0.96889,1.0585,0.97927,1
-0.96675,0.97598,-1.0087,-1
-0.99119,1.0063,-0.98036,-1
0.99883,0.96174,0.99534,-1
0.98627,-1.0324,-1.0094,-1
1.0165,0.98054,-0.98267,1
-0.96153,-0.97722,-0.94221,1
-0.93489,-1.0084,0.93238,1
1.0633,-1.0116,1.0435,-1
1.013,-0.97659,0.96796,-1
-0.96556,-1.0172,-1.0005,1
-0.99984,-0.99841,0.99926,1
-1.0244,-1.0302,-0.92135,1
1.0265,0.99195,0.9404,-1
