0.78214,-1.3903,1
2.0111,0.18011,-1
-0.75135,-2.2023,1
2.0342,-0.33331,-1
-0.27826,-0.088506,1
-0.26807,0.28349,-1
-1.0429,1.0557,1
-0.053424,-0.72959,1
0.081384,-0.058979,-1
0.22638,1.5017,-1
1.1207,-0.39734,1
0.38512,0.059282,-1
1.9143,-0.82733,-1
0.02771,2.2054,-1
2.1649,0.53566,-1
0.7811,0.25919,-1
-2.427,1.4666,1
0.071744,-0.33248,-1
1.9709,1.5037,-1
0.17232,-0.95012,1
0.28307,1.8784,-1
-0.17378,-0.075345,-1
2.1543,0.73441,-1
2.1127,0.13432,-1
1.9107,-0.4978,-1
-0.30227,2.2425,-1
1.2239,0.60264,1
-1.4153,-1.9253,1
0.68069,0.16692,1
0.80691,0.096996,1
2.1453,-0.74734,-1
0.17592,-0.36415,-1
2.0797,1.4909,-1
-0.32544,0.85306,1
0.58845,0.61269,1
-0.15287,1.1034,1
0.045093,-0.35404,-1
-0.29646,2.2243,1
-0.8426,-0.64724,1
-0.57275,-0.35201,1
0.38524,-0.17048,-1
-1.4149,-0.79696,1
1.7795,-0.24863,1
-0.38421,-1.1254,1
0.15706,1.1193,1
0.069926,1.537,1
-0.16275,-1.3309,1
1.0756,0.51012,1
0.26842,0.75079,1
-0.11325,1.8899,-1
-0.5405,-0.38705,1
-0.051687,1.7994,1
1.7553,-0.37822,1
-0.84018,-0.1633,1
2.1767,0.70194,-1
2.0092,1.9412,-1
1.9934,1.6257,-1
1.8879,1.8902,-1
0.40636,-1.6464,1
-0.15945,0.2765,-1
-0.24424,1.8674,-1
-0.98634,0.14439,1
-0.049036,-0.12572,1
0.31253,0.099163,1
1.2701,-0.075137,1
-0.64386,-2.6865,1
2.2266,3.4761,-1
2.2915,2.4562,-1
-1.9512,-0.71108,1
-0.0083237,1.8326,-1
0.092137,-2.8495,1
0.28283,-0.081801,-1
1.7829,1.005,-1
0.59012,0.64574,1
1.7596,-1.5276,-1
0.0023894,1.2318,1
-0.89837,-0.025642,1
0.20718,2.1148,-1
0.11571,0.071661,-1
0.79396,-0.16534,1
1.9775,2.5557,-1
-0.10715,2.1079,-1
-0.24945,0.10432,-1
1.6028,1.432,-1
-0.18873,0.1891,-1
-1.0982,-0.013979,1
-0.010513,-0.35899,1
0.031296,2.2319,-1
-1.2889,-0.45781,1
0.35974,-0.88594,1
-0.23682,0.073095,-1
-0.006222,1.8433,-1
1.8808,1.9517,-1
2.0855,1.3397,-1
1.3711,0.59168,1
0.21175,1.331,1
0.13205,0.15552,-1
-0.60215,-0.095849,-1
0.037822,0.65988,1
1.9996,1.5494,-1
2.0893,0.88455,1
3.4806,-0.92689,1
-0.081291,0.15574,-1
0.22643,-1.3252,1
-0.17722,2.0491,-1
1.6521,-0.50567,1
0.058494,-0.012904,-1
-0.2533,0.20487,-1
-0.17802,-0.35476,1
-0.013939,2.0015,-1
-1.0315,-0.57939,1
0.30483,1.6531,-1
2.2345,-0.17361,-1
1.5131,0.23957,-1
2.1313,-0.64744,-1
-0.38973,-0.50164,1
0.21615,1.7663,-1
2.0521,1.4539,-1
0.0094074,-1.0548,1
0.042055,0.055296,1
1.759,2.4505,-1
0.37057,1.7023,1
1.7625,0.92604,-1
-0.80676,-0.23424,1
0.10186,1.7333,-1
1.9509,1.5383,-1
0.089264,1.7675,-1
-1.003,1.0428,1
-0.059476,2.0506,-1
0.3227,-1.4263,1
-1.319,-0.21246,1
0.052161,0.31683,-1
-1.1779,2.4773,1
0.54099,0.27665,1
-1.2469,1.2692,1
-0.71298,-0.71283,1
0.32525,0.11693,1
0.091501,0.032045,-1
-0.93931,-1.2674,1
0.096075,0.030333,-1
-1.4449,-0.69948,1
1.8395,-0.13615,1
-0.087885,-0.04175,-1
1.4634,-1.4165,1
2.1231,-0.53663,-1
2.0516,2.9441,-1
-0.010146,-0.84714,1
0.28448,0.12759,-1
-0.58434,-0.33351,1
-0.03898,0.015777,1
-0.76372,-1.7681,1
0.76553,1.2875,1
-0.39968,-0.039893,1
0.15471,-0.89568,1
-0.14215,1.8209,-1
1.3697,1.0899,1
-0.086608,0.10828,1
1.2505,0.28192,1
0.10729,0.27367,-1
0.74832,-0.54123,1
-0.94549,-1.019,1
2.4059,0.58127,1
2.0244,1.8743,-1
-0.070418,0.065659,-1
1.3325,0.66511,1
1.7034,0.56658,-1
-0.24945,-0.68115,1
-0.06467,2.331,-1
0.20687,-0.98845,1
2.1255,-1.4297,-1
0.094488,2.2078,-1
0.21071,2.0253,-1
-0.30892,2.4496,-1
0.12225,0.87425,1
2.0732,-0.036119,-1
1.9618,0.3357,-1
2.2211,-0.54003,-1
0.075777,1.1033,1
-0.33748,0.08691,-1
-0.50739,0.28458,1
0.17287,0.018902,-1
-0.36474,0.28506,-1
0.13129,0.43439,-1
-0.24402,0.20827,1
0.25223,-0.36557,1
-1.0521,-0.49278,1
-0.88793,-0.72765,1
-0.037572,0.045294,-1
-0.78137,-0.088968,1
2.329,0.75868,-1
1.819,-0.21227,-1
-2.6398,-1.0664,1
0.6001,0.31397,1
0.068169,0.32511,-1
1.0143,0.34994,1
0.19214,0.19225,1
-0.018017,2.1111,-1
1.8648,2.7435,-1
2.2221,2.441,-1
0.33792,-0.065426,1
1.3766,2.0998,1
1.4758,-0.81981,1
-0.084123,-1.8329,1
1.9992,1.7039,-1
-0.1997,0.059461,-1
0.76621,-0.77342,1
0.0039366,0.37675,-1
-1.6295,0.30896,1
1.7739,-0.12606,-1
-0.07666,-0.0044478,-1
1.4222,1.1366,1
2.1005,2.5203,-1
-0.51468,0.10883,1
2.0896,1.0973,-1
0.101,-0.25434,1
-1.4421,1.6502,1
1.3043,1.5664,1
-0.71886,0.39044,1
-0.15797,1.8677,-1
1.9481,4.7569,-1
-0.21915,-0.16633,-1
0.68508,1.9415,1
-0.12072,0.14053,1
1.7265,-0.71528,1
-0.35816,-0.94942,1
-0.13331,0.29116,-1
1.8721,0.7992,-1
-0.097755,1.9896,-1
-0.15094,-0.37861,1
2.2639,0.20749,-1
-1.2727,2.1966,1
-2.4333,-0.53344,1
0.51383,-0.98432,1
-0.22735,-0.22286,1
-0.97926,-0.21598,1
-0.32275,2.1553,-1
0.67722,0.52379,1
-0.82827,-0.4653,1
0.46418,-0.28185,1
1.7644,3.4773,-1
-0.78201,-0.39528,1
0.18504,1.8522,-1
-0.40773,-1.0145,1
2.0865,1.5386,-1
-2.3014,0.21147,1
-0.27316,-0.00988,-1
0.00073017,1.9714,-1
0.062233,-0.17525,-1
0.12849,-0.27244,-1
-0.85652,-0.82958,1
0.0601,0.40631,1
-1.1394,-1.5061,1
0.083168,0.41634,-1
1.9098,-0.17488,-1
2.3816,-0.59623,-1
1.7369,1.3151,-1
0.10397,-1.4834,1
0.056921,1.6629,1
2.0053,1.7064,-1
1.4563,0.10505,1
-0.99245,0.88051,1
-0.22196,-0.13546,1
-1.4407,0.48497,1
-0.32394,-1.4284,1
0.069475,0.11576,-1
-0.30501,2.1452,-1
-0.8652,0.94899,1
1.9924,2.6076,-1
1.947,1.4238,-1
2.2604,-0.073605,-1
0.42112,0.93859,1
2.3049,1.3068,-1
0.70558,0.8267,1
0.80354,-0.1378,1
1.1313,1.4767,1
1.2818,0.50655,1
0.59248,-1.1205,1
1.9648,-1.5246,-1
2.1762,1.4469,-1
0.19406,0.89181,1
0.78527,-0.90974,1
-1.6033,1.5753,1
-0.25792,0.30956,-1
1.0042,0.66133,1
-0.50243,0.14215,-1
0.84446,-1.2391,1
2.1073,-0.87236,-1
0.17652,2.272,-1
1.1808,0.070494,1
-0.028234,0.44501,1
-0.97662,-0.097868,1
-0.26306,0.34892,1
0.18938,0.019591,-1
0.061057,-0.28472,-1
1.5455,1.3621,1
-0.047248,-0.19167,-1
2.0232,-0.34924,-1
-0.090678,0.31631,1
-0.12159,-0.43157,1
0.036457,0.025367,-1
1.8713,2.5364,-1
2.0355,-0.055352,-1
-0.73703,0.49261,1
2.1099,0.25319,-1
0.18336,-0.29391,-1
-1.1617,0.85662,1
2.2652,-0.84341,1
1.8203,0.97436,-1
0.050269,-0.063503,-1
-1.2943,0.76778,1
-0.037269,-0.41611,1
2.2295,1.4707,-1
1.873,0.47001,-1
2.5962,-2.0659,1
2.0104,0.9289,-1
1.814,0.16187,-1
0.11289,-1.4908,1
-0.19789,1.907,1
2.0494,0.84625,1
1.8109,-0.018982,-1
1.1553,0.12885,1
-0.8537,0.26272,1
2.2403,1.5486,-1
0.29901,-1.3616,1
2.1198,0.035992,-1
0.072047,0.099357,-1
-0.091903,-0.0026332,-1
-0.20327,0.34693,1
0.034318,0.15545,-1
0.1112,-0.39784,-1
1.8917,0.097062,-1
2.1676,2.05,-1
-0.3456,0.17133,1
0.48241,0.4241,1
2.1212,0.22573,-1
0.25607,0.77333,1
-0.23724,1.6664,-1
1.9221,1.4803,-1
2.2935,0.33278,-1
0.83336,-0.86207,1
0.18748,-1.04,1
-0.63958,-0.2008,1
1.735,1.9466,-1
1.2636,1.6159,1
1.2291,-0.72898,1
-0.67576,-0.51017,1
-1.3431,-1.1379,1
-0.088211,-0.28229,1
-0.64944,-0.21916,-1
-1.205,0.2536,1
0.87488,2.1537,1
-0.2068,2.232,-1
1.4703,-0.65279,1
-1.3521,0.90127,1
-2.4907,0.0007879,1
-1.1585,-0.43788,1
2.2301,1.0338,-1
2.0088,-0.15315,-1
-0.93868,0.085536,1
-0.29301,2.2461,-1
2.2841,0.70861,-1
2.5279,0.28571,-1
0.1557,1.853,-1
-0.20802,-0.91318,1
-0.040616,-0.12458,1
0.28397,2.1106,-1
0.30972,-0.40698,1
-0.28777,2.0489,-1
-1.3784,-0.27576,1
0.08261,0.29994,-1
2.0217,2.2157,-1
1.5434,1.9353,-1
-1.2535,-0.58095,1
-0.56211,-1.5653,1
-0.28036,-0.36689,1
0.39384,0.073207,-1
0.02843,0.073406,1
-1.4382,0.012405,1
-0.31404,-0.21973,-1
-0.21791,1.7403,-1
-1.7021,-1.2011,1
0.47748,0.90153,1
-0.16853,-0.87279,1
1.9757,0.56843,-1
2.0366,1.1699,-1
-0.19547,-0.030549,1
0.31969,0.81316,1
-0.10678,-0.11151,1
-0.097919,-0.55926,1
-0.37922,0.97616,1
0.020778,2.0575,-1
0.15549,0.12655,1
-0.7745,1.7631,1
1.0578,-0.27862,1
0.11586,0.041827,-1
2.2716,-0.061803,-1
0.16166,-0.87627,1
-0.89744,-0.79516,1
0.2651,2.0317,-1
1.8122,0.39633,-1
0.0069203,0.063207,-1
0.13622,1.5419,1
2.0104,1.0668,-1
2.1446,2.2502,-1
1.2061,0.87778,1
1.9161,0.54584,-1
2.2448,-0.17554,-1
-0.20866,0.54976,1
0.47088,-1.246,1
1.7417,0.83772,-1
-1.465,-0.1736,1
1.85,1.6946,-1
-0.66988,0.062893,1
-0.34866,-0.2531,-1
2.0888,-0.10562,-1
0.87432,-1.5441,1
0.052596,-0.93796,1
-0.73409,0.34849,1
-1.7854,0.67861,1
0.48952,0.63795,1
0.29801,-0.3015,-1
-0.077343,-0.3251,1
1.754,2.691,-1
1.9946,0.80412,-1
-0.16271,0.46518,-1
0.13441,2.1857,-1
1.9851,0.43999,-1
-0.79297,-1.4481,1
-1.7825,0.72221,1
1.7087,0.35342,-1
2.0682,0.33216,-1
1.7295,0.54496,1
-1.2199,-0.72355,1
0.011415,2.1516,-1
0.87491,1.0613,1
-2.4913,-1.251,1
-0.25497,-0.10754,1
-0.020012,0.56623,1
1.9301,0.074309,-1
-0.044597,0.91223,1
0.096835,0.14449,-1
1.748,1.5051,-1
2.2893,-0.33428,-1
1.9079,-1.5962,1
-0.086111,2.3587,-1
2.0412,1.4104,-1
0.158,0.011082,-1
0.81981,-0.11667,1
0.28866,0.42617,1
2.3453,0.28472,-1
1.0299,-0.55114,1
-0.0033228,0.11874,-1
-0.36157,0.016548,-1
-0.38947,1.3163,1
-0.057371,0.020963,-1
1.9948,2.0293,-1
2.1878,-0.55339,1
-0.58551,2.3438,1
2.0691,0.70953,-1
0.19201,0.13558,1
-0.19075,1.4906,1
-0.037323,-1.9508,1
1.3632,-1.0926,1
-0.30658,-1.2093,1
0.008974,0.0517,-1
2.3269,-1.0992,1
-0.10069,-0.09043,1
-0.0089359,1.1101,1
1.8242,1.3526,1
1.4938,1.0224,1
0.20971,0.62961,1
-0.049582,1.9127,-1
-2.0346,-0.055705,1
0.96963,-0.25046,1
0.88201,0.54551,1
2.1975,1.0399,-1
1.8609,0.95136,1
-0.034697,-0.14927,-1
0.045503,0.14399,-1
-1.3374,-0.36981,1
1.0374,-0.36644,1
-2.1147,-0.48413,1
1.3127,-1.1527,1
-0.20776,-1.2735,1
1.8426,0.42127,-1
-0.23138,0.59172,-1
-0.053783,0.70332,1
0.94504,-0.38861,1
1.9675,0.33022,-1
1.0684,1.7853,1
-0.38803,1.5431,1
2.0398,1.0968,-1
0.21022,0.15164,-1
-0.53114,2.7021,1
0.025465,-0.19461,1
1.9629,-0.48657,-1
2.0453,-0.32516,-1
0.80121,-0.46805,1
-0.57019,0.89132,1
1.8856,0.5337,1
1.6147,0.86663,-1
-1.235,-0.8135,1
2.0616,1.8618,-1
0.16243,0.65418,1
0.35248,1.8227,-1
1.7663,-0.12742,-1
0.080424,0.91517,1
0.035726,-0.3978,1
0.12909,1.0774,1
0.11363,0.17147,1
2.3393,0.41105,-1
0.83499,1.1647,1
1.7896,1.1334,-1
0.13564,2.141,-1
1.4301,0.57145,1
1.8485,-0.38706,-1
0.8122,0.4583,1
0.059215,1.8946,-1
0.40494,-0.57249,1
-0.23815,2.0557,-1
-0.038165,2.5605,-1
-0.38684,0.017293,-1
-1.6893,1.8732,1
2.014,2.537,-1
-1.5132,-1.8566,1
-0.95564,-2.6853,1
0.059719,0.28885,-1
-1.2917,-0.16228,1
0.19387,0.21886,1
2.281,1.9867,-1
1.7424,1.4169,-1
1.7462,0.7651,-1
2.5004,0.77793,-1
2.1605,1.9879,-1
2.0304,1.4082,-1
1.7968,1.6005,1
2.0367,2.4696,-1
0.082213,-0.10628,-1
-0.37065,0.28505,1
-0.38969,0.99457,1
-0.24573,1.2473,1
0.093077,-0.1934,-1
1.9198,0.71005,-1
-2.3225,0.24699,1
-2.1836,0.79043,1
-0.032461,-0.36174,-1
2.2101,1.1066,-1
1.2886,0.15908,1
0.83939,0.17832,1
1.9949,2.4824,-1
0.16641,0.1246,-1
-0.053343,-0.048313,-1
-0.34876,-0.7739,1
-0.10899,-0.58224,1
0.31769,-0.11761,-1
-0.20537,2.2336,-1
0.71287,0.76225,1
-0.65826,0.47268,1
0.18664,-0.10088,-1
2.0168,1.5394,-1
1.9608,2.2429,-1
1.3751,-0.49959,1
-0.31346,-0.070448,-1
-0.14147,-0.24027,-1
0.081911,-0.7488,1
0.067827,2.0994,-1
2.21,0.41885,-1
-0.10097,2.024,-1
1.6776,0.28999,-1
-0.25817,1.7861,1
-0.30862,-0.2551,-1
2.0569,1.0906,-1
-0.041446,0.84517,1
0.10533,0.65765,1
-0.42404,0.14958,1
1.5253,-0.76526,1
-0.65195,-1.3476,1
-0.17007,1.3254,-1
0.83587,-0.62273,1
0.38742,1.997,-1
1.8735,-0.21869,-1
2.0676,0.93457,-1
-0.54364,-0.5782,1
-2.3327,-1.577,1
1.1476,0.47074,1
-0.15735,1.9777,-1
0.97353,0.38679,1
-0.047736,-0.038291,1
2.1281,-0.19782,-1
-0.82441,1.5514,1
0.0998,1.9248,-1
0.02175,2.1686,-1
-0.45128,0.85364,1
0.08975,2.4462,-1
-0.57894,0.40762,1
0.41983,2.2014,-1
0.23788,-0.0078222,-1
-1.3997,-0.52836,1
-0.35292,0.80736,1
0.53018,1.9051,-1
0.48669,0.73119,1
0.19233,2.0971,-1
0.48736,-0.55362,1
1.7992,1.0394,-1
1.8471,0.044478,-1
1.3688,-0.85393,1
0.44271,1.509,1
0.81331,1.9579,1
1.6503,2.4272,-1
2.2161,-0.95796,1
0.24021,-0.054344,-1
-1.1245,-0.11061,1
-0.22291,0.053596,-1
0.0068803,1.9253,-1
0.10337,2.0963,-1
2.3056,1.8368,-1
1.6879,-0.46812,-1
-0.39498,-2.0803,1
-0.80963,-0.97524,1
1.3386,-0.012357,1
2.4099,1.8463,-1
0.058312,1.9987,-1
2.2168,2.0848,-1
-0.49587,0.28932,1
0.15691,-0.073959,-1
-0.19217,-0.38525,1
0.66621,0.66431,1
0.18335,2.1461,-1
-0.13582,2.2114,-1
-0.093674,-0.31958,1
1.9998,2.7262,-1
1.9968,1.295,-1
0.16271,0.31301,-1
2.1898,2.3216,-1
1.9736,1.844,-1
-0.23173,1.9445,-1
1.7839,0.29927,1
2.2551,1.9574,-1
-0.68426,-0.95645,1
-0.20311,-0.43203,1
-0.22804,1.7209,-1
0.71361,0.80561,1
-0.021118,0.046655,-1
1.8328,0.64741,-1
1.4892,0.76473,1
-1.8929,0.19663,1
2.0727,1.9319,-1
-0.23549,2.0116,-1
-0.10798,-0.032716,-1
2.0276,-0.14741,-1
-0.22874,-0.70804,1
-0.30146,-0.012535,-1
0.28654,-0.73596,1
-0.024224,0.16102,-1
1.9008,1.2893,-1
0.24321,0.0097209,-1
0.28844,-0.46015,-1
-1.0299,0.25593,1
-0.062881,-0.079063,-1
0.10903,0.48421,-1
2.1673,1.01,-1
1.9001,-0.031128,-1
-0.30133,-0.71529,1
0.096338,-0.0079765,-1
1.1096,0.65567,1
0.12261,0.081436,-1
0.05191,0.29247,1
1.8034,0.34481,1
-0.32306,0.0035317,-1
1.9303,-0.50768,-1
-0.88693,0.7112,1
0.056033,-0.79325,1
-0.53882,-0.55333,1
0.086104,1.7192,-1
-1.6688,0.097563,1
0.92317,1.8104,1
-0.10938,1.9299,-1
-1.6933,0.50437,1
-1.062,0.82262,1
-0.56365,1.6988,1
1.1148,0.036306,1
2.0388,1.2189,-1
0.081929,2.4072,-1
-0.016593,1.9282,-1
1.624,1.8686,-1
2.0942,-0.24598,-1
1.9624,0.83519,1
0.010044,0.44041,1
0.45015,1.7891,1
0.74663,0.14561,1
1.9502,0.16287,-1
1.981,1.4831,-1
-0.078456,0.11765,1
-0.74531,0.75073,1
2.2185,1.0461,-1
-1.4071,0.089055,1
2.0186,1.9046,-1
0.011279,0.51617,1
1.9147,0.074267,-1
0.24114,0.10833,-1
1.015,0.088373,1
1.9066,0.66275,-1
0.45173,-0.52064,1
0.39119,-0.93986,1
0.38285,0.099537,1
-0.96483,-0.18972,1
-0.33775,1.035,1
-0.43553,0.69097,1
2.0783,1.1049,-1
1.9723,-1.2406,1
-0.18987,0.31941,-1
-0.15608,0.26344,1
2.0291,2.2667,-1
0.78696,0.023628,1
2.0012,1.2555,-1
1.8811,0.51685,-1
-0.22201,0.54243,1
0.053573,-0.0921,-1
-0.18001,1.8809,-1
0.43215,-0.63865,1
1.7879,2.3783,-1
-1.2812,2.0201,1
0.54996,-0.040091,1
-1.6619,0.40706,1
2.3254,0.91126,-1
0.060942,1.0453,1
0.049989,0.022013,-1
-0.60222,-0.33702,1
2.0264,0.27955,-1
-0.85479,1.2913,1
0.48754,-0.62355,1
0.37596,-0.33401,1
-0.75337,-0.10821,1
-0.20752,2.139,-1
1.6979,0.96507,-1
2.0094,0.29065,-1
0.22743,0.03273,-1
-1.3147,0.82257,1
1.5594,1.2005,1
1.8759,0.87724,-1
0.73736,0.71259,1
1.5245,-0.97461,1
1.7485,-0.31227,-1
0.6495,-0.039421,1
0.13584,2.0852,-1
2.045,1.2967,-1
2.0915,1.1947,-1
1.8098,-0.44107,-1
0.072103,0.38572,-1
-0.55915,-0.074665,-1
1.6368,2.0906,-1
2.0996,1.2553,-1
-0.25814,-0.54555,1
0.94003,0.61562,1
1.9324,1.9375,-1
0.16823,1.8556,-1
1.9432,0.38575,-1
1.9545,2.6207,-1
0.4928,0.23291,1
0.17168,-1.013,1
0.079472,1.9797,-1
1.1134,-0.012115,1
2.0885,1.9175,-1
-1.7293,1.6951,1
0.52217,-0.28577,1
-0.066224,0.36314,1
1.7281,1.0269,-1
-0.34468,0.032852,1
-0.97499,-0.1131,1
-0.40226,2.1851,-1
1.5786,0.11494,-1
-0.032672,1.9634,-1
1.8604,1.2659,-1
2.1779,0.62063,-1
-1.0151,0.11925,1
-0.60453,0.72955,1
-0.83816,0.17753,1
1.0645,-0.30668,1
0.28228,-0.57474,1
2.0506,-0.018993,-1
-0.12466,-0.085144,-1
-0.0057879,2.1507,-1
0.6141,-0.37259,1
1.1228,-0.40468,1
0.036885,2.2,-1
-0.15507,0.98065,1
0.12815,-0.33646,-1
0.021902,1.5361,1
-0.32909,-1.0716,1
1.786,2.1113,-1
0.26487,-1.142,1
1.8951,1.5562,-1
1.914,-0.030949,-1
-0.063088,1.9847,-1
0.21878,1.8741,-1
-0.027444,-0.21368,-1
-0.071367,-0.81154,1
1.9484,2.3459,-1
0.92653,-0.33075,1
2.1571,0.71569,-1
-0.3488,-0.57034,1
2.111,-0.22119,-1
0.65145,0.63469,1
-1.5244,-1.1355,1
2.0365,0.90953,-1
0.083496,2.3102,-1
-0.53494,1.5186,-1
-0.7911,-1.0541,1
-0.2524,-0.2499,-1
1.4745,0.54368,1
2.1919,-0.32103,-1
-0.052738,-0.13361,-1
2.0165,0.80127,-1
0.65668,0.71989,1
-0.51809,-0.56135,1
0.076399,1.884,-1
-0.16723,0.15203,-1
-0.87356,0.71651,1
-0.025465,1.1038,1
2.0241,2.6257,-1
0.41543,-0.64975,1
1.9688,1.2634,-1
0.18444,0.43056,-1
0.28786,2.1965,-1
2.0549,2.3172,-1
-0.2327,2.2285,-1
0.15967,-0.042582,-1
2.4812,1.5813,-1
0.10371,0.18342,1
2.0278,1.7801,-1
-0.17145,0.9103,1
0.40216,-0.95762,1
-0.03009,0.24967,-1
-0.51747,1.567,1
1.9874,-0.16931,-1
0.14818,-0.2502,1
-0.6965,-0.86364,1
0.073903,2.1275,-1
0.14848,-0.050705,1
0.19982,2.0033,-1
0.024349,-1.0234,1
2.1831,1.5661,-1
0.10565,-0.04513,-1
2.2035,1.1421,-1
2.0965,1.4241,-1
0.65238,-1.1479,1
2.3079,2.2209,-1
-0.24659,1.8841,-1
-0.12671,0.78811,1
-0.568,0.12648,1
2.1338,1.622,-1
0.3162,2.0218,1
0.69239,-0.37844,1
-0.74956,0.98654,1
-0.46595,-0.0013888,1
-0.0027719,2.111,-1
-0.24855,-0.81231,1
-1.0355,2.2577,1
-0.5371,-0.87999,1
1.0556,1.2942,1
0.030999,1.7698,-1
0.73618,0.17694,1
-0.98922,-2.389,1
0.51636,-1.5667,1
-1.2851,0.02239,1
0.0591,1.8546,-1
1.9618,2.4906,-1
0.13726,1.9745,-1
1.9507,0.73684,-1
1.2361,1.6484,1
-1.365,-1.0174,1
-0.043402,0.35897,-1
-0.46418,0.63697,1
-0.18734,0.28819,-1
-0.17416,-0.9017,1
1.0137,0.63662,1
-1.1812,0.41175,1
1.6789,-0.18493,-1
0.28909,-1.3634,1
1.8378,2.7894,-1
1.0022,-0.57945,1
-0.07171,0.9498,1
-0.21735,2.2195,-1
1.8135,0.95436,-1
-0.29816,-1.03,1
1.9488,0.73879,-1
2.2029,2.7139,-1
-0.75895,-0.84651,1
0.12622,0.12379,1
0.029122,-0.29479,-1
1.3242,1.1179,1
1.9985,0.1258,-1
2.1219,0.51957,-1
-0.96289,0.40307,1
0.072353,1.8525,-1
-0.11944,-0.095719,-1
-2.1858,0.19195,1
-1.9511,-0.44277,1
0.068679,2.0269,-1
-0.51331,-0.13525,1
1.8804,0.35176,-1
2.2479,1.4257,-1
1.1339,-0.25547,1
0.14452,-0.25154,1
-0.39098,0.18282,1
2.0664,1.777,-1
-2.8168,0.20659,1
2.0086,1.9678,-1
0.18261,2.0505,-1
0.18306,2.0544,-1
-1.6853,0.96575,1
2.1684,1.9335,-1
-0.04259,2.0118,-1
-1.8699,0.13762,1
-0.028175,2.1053,-1
-0.97387,-0.22341,1
-0.92787,-0.23077,1
0.0082724,0.17195,-1
1.5146,2.4666,-1
0.3278,-0.076656,-1
1.9795,1.8461,-1
0.067846,2.1946,-1
0.97835,-1.7446,1
0.10699,-0.16561,-1
0.015708,-0.0014009,-1
0.013089,2.2802,-1
1.2259,-1.7407,1
1.7843,0.80584,-1
1.9556,1.5424,-1
-0.11063,1.8169,-1
0.43314,2.2131,-1
-0.012944,-0.85979,1
2.2077,-0.40914,1
1.871,2.16,-1
-2.0275,-0.32905,1
-0.34712,1.7973,-1
-0.65032,0.17658,1
0.028556,1.132,1
3.1422,-0.97741,1
0.1231,2.2972,-1
1.9707,2.0866,-1
2.3142,0.3985,-1
0.28695,-0.12649,-1
-0.098405,2.107,-1
-0.52365,-0.89211,1
0.61748,-0.5755,1
0.19526,1.8828,-1
2.0578,-0.67732,-1
2.2602,-0.2306,-1
0.55101,0.0015193,1
0.032078,2.117,-1
0.27582,0.034631,-1
-0.0090406,0.15271,-1
1.872,0.11467,-1
0.64422,1.2264,1
0.13872,2.048,-1
0.46105,1.2436,1
-0.13074,1.8876,-1
2.2016,1.5555,-1
2.1948,-0.76,-1
2.0674,0.79765,-1
1.1735,2.032,1
2.2089,0.0083414,-1
-0.13405,0.17392,1
-0.16449,0.25696,-1
0.34529,0.52945,1
-0.08501,-0.27289,1
0.019883,-1.4151,1
0.22843,2.1021,-1
1.8938,3.7021,-1
0.27472,1.3172,1
-0.40466,1.1292,1
-0.34206,1.9,-1
2.172,1.1646,-1
-0.53337,1.234,1
0.55757,1.0101,1
0.10614,-1.6412,1
2.0986,1.2329,-1
0.6967,-2.0594,1
2.6659,1.223,-1
0.45629,1.1389,1
-0.57289,-1.2794,1
0.84582,0.44324,1
2.0256,0.7644,-1
1.5422,0.96974,-1
0.27243,1.3066,1
-0.018746,-0.001167,-1
-0.98053,-0.18642,1
-0.87694,-0.7376,1
1.8451,-0.51272,-1
-0.0098421,1.2295,1
1.886,1.8913,-1
-0.2671,-1.4396,1
0.546,-1.8756,1
-0.08912,-0.1595,-1
0.15147,0.23546,1
-0.049002,-0.1629,-1
-2.4218,-0.45257,1
2.2814,-0.25473,1
0.33476,-2.4717,1
-1.1403,0.76317,1
1.7156,1.0176,-1
-1.6565,-1.9727,1
1.1092,0.84553,1
-0.19493,0.21547,-1
1.8304,2.9362,-1
-0.64228,-0.49246,1
0.68347,-0.66775,1
1.8301,0.86607,-1
-1.3943,1.2666,1
-0.15496,-0.1902,-1
2.0768,0.14541,1
-0.67623,1.7435,1
0.21235,0.48344,1
2.1403,0.60571,-1
1.884,1.392,-1
0.13341,-0.61584,1
-1.4832,-0.43342,1
2.1093,0.76499,-1
-0.45825,0.48108,1
-1.9839,0.22188,1
-0.16347,0.6877,1
-0.24064,2.4651,1
0.64843,0.95597,1
-0.52669,0.28357,1
-0.74531,0.66446,1
1.9383,2.5301,-1
1.5141,-1.4977,1
0.19308,0.23236,1
-0.32312,1.0692,1
-0.1456,1.8992,-1
1.6265,1.1671,1
-1.1595,-0.17795,1
0.054564,1.953,-1
2.1993,0.58995,-1
2.2175,2.0758,-1
1.7999,-0.44235,-1
-0.47121,-0.012944,1
0.76605,1.9186,1
0.17562,-0.12352,-1
-0.24575,1.8776,-1
-0.36693,-0.57305,1
-0.094924,0.38217,1
2.1501,-1.5061,-1
0.59097,-0.074952,1
-0.20313,0.58219,1
0.81499,0.082477,1
0.97514,0.79631,1
2.0175,3.1705,-1
-0.39439,0.86569,1
1.6693,1.8346,-1
-0.017323,2.0797,-1
0.8405,0.010266,1
0.075875,0.20937,1
-0.066714,-0.34544,-1
-0.11586,2.0531,-1
2.0948,0.87266,-1
2.2609,2.5664,-1
2.3393,1.1254,-1
0.13889,-0.45933,1
1.8564,-0.14325,-1
0.10598,0.02722,1
-0.22747,1.8362,-1
1.6247,1.4162,-1
1.9759,1.1405,-1
-2.4131,-0.93011,1
1.4286,0.86947,1
-0.90124,-1.3035,1
-1.3611,0.0083001,1
-0.15008,-0.025068,-1
1.9028,0.92838,-1
-0.88173,-0.66322,1
-0.18764,2.1095,-1
-0.094872,-0.60608,1
2.1749,-0.54411,-1
-0.28973,-0.90311,1
-0.40406,2.3302,1
-0.159,0.26258,-1
0.10091,1.871,-1
-0.063353,2.0172,-1
-0.42267,-0.43499,1
0.48347,0.49762,1
0.47557,-2.1277,1
1.7509,-0.94176,-1
0.38184,-1.4048,1
0.34526,-1.1023,1
2.167,2.1647,-1
2.2151,1.5101,-1
-0.44543,0.19532,1
-0.43596,-0.040404,1
-0.33505,0.65996,1
-0.16613,0.041521,-1
1.8346,0.60787,-1
2.2912,1.1098,-1
0.10023,0.59957,1
-0.071322,0.25093,1
-0.44527,0.61448,1
2.2576,1.6755,-1
-0.95998,-1.2283,1
0.14244,-0.19444,-1
0.87111,-1.5719,1
-0.2716,1.9217,-1
1.3695,-0.79953,1
0.55404,-1.2395,1
2.7429,-1.6219,1
0.97396,-1.76,1
1.8068,0.6682,-1
2.1738,0.5554,-1
0.096698,0.24515,1
-0.19087,-0.6643,1
0.024215,1.9117,-1
-0.070851,1.8811,-1
-0.036031,-0.035243,1
-0.16345,0.26713,-1
-0.062599,2.106,-1
-0.1996,-1.9727,1
-0.062291,0.02928,-1
-0.67593,0.044628,1
0.35107,-0.3272,-1
1.8396,-0.14527,-1
0.338,-0.34159,1
-0.76102,-0.92542,1
0.1927,0.1052,-1
-0.70149,-1.6866,1
1.7793,0.66938,-1
2.1143,0.080494,-1
0.18173,-0.044315,-1
1.2621,-0.48302,1
0.59932,0.72023,1
0.037111,1.4139,1
0.29028,-0.20417,-1
2.3648,2.3526,-1
0.25036,2.2457,-1
1.7948,0.78732,-1
1.764,1.1548,-1
0.18356,-0.78954,1
0.3157,0.29593,-1
0.63182,-1.4339,1
0.45808,0.30032,-1
-0.56642,2.1402,1
-0.65742,0.42135,1
0.46068,2.317,-1
-0.13197,0.84398,1
-0.010105,0.13508,1
1.5003,-0.05818,1
0.62383,2.4657,1
-0.24877,0.010133,-1
1.8037,0.91354,-1
-0.46218,-0.41952,1
1.977,1.7222,-1
-0.95495,0.48065,1
-0.25797,1.3459,1
-0.14943,0.33521,-1
2.208,1.0153,-1
-1.3655,-1.9267,1
0.014048,0.14449,-1
0.12585,2.0115,-1
-0.93232,-0.04564,1
0.058024,-0.47095,1
1.0825,-0.088336,1
-0.22498,1.2077,1
2.3762,1.9829,-1
1.8651,0.70403,-1
0.1087,0.39294,1
-0.39797,1.0377,1
1.9534,0.98174,-1
1.3311,1.6852,1
-0.12867,1.9932,-1
0.47891,1.5085,1
-0.039446,-0.080293,-1
-0.16261,1.9227,-1
0.016973,2.4688,-1
-0.051865,-0.37073,-1
-0.17575,-0.058965,1
0.010059,2.1569,-1
2.1609,1.292,-1
0.12276,2.2472,1
0.41485,-0.060769,1
-0.090505,-0.14554,-1
1.3616,-0.89836,1
2.1636,0.32047,-1
-0.038701,0.015987,-1
0.36673,-1.8099,1
-0.28631,0.14249,1
-0.72639,0.20202,1
2.0389,-0.21576,1
1.8509,1.7507,-1
2.0056,1.058,-1
1.2912,-0.057664,1
-0.029124,0.010333,-1
-0.48589,-0.07162,1
-0.30156,0.9736,1
-0.40842,0.088945,1
2.0616,1.0775,-1
2.0179,1.981,-1
-0.10849,-1.3684,1
-0.44949,-0.44293,1
1.6032,1.2219,-1
1.7054,0.2968,-1
1.0166,1.2949,1
-2.1921,0.32569,1
0.82436,0.29548,1
0.20743,0.12657,1
0.16433,-0.30527,1
0.079989,-0.04179,-1
-0.18586,1.9803,-1
2.2669,1.8012,-1
-1.0933,-1.0536,1
1.8924,0.4642,-1
-0.45124,-1.1749,1
-0.1722,-0.056516,1
-0.42755,-1.4221,1
1.8423,1.5564,-1
0.37868,-0.059606,-1
-0.41327,2.093,-1
0.42762,0.33968,1
-1.5621,1.0624,1
1.8737,1.8897,1
0.12255,1.8268,-1
1.7464,1.3003,-1
0.53349,1.3542,1
1.8919,0.61295,-1
0.044247,2.1488,-1
-0.82408,0.90438,1
1.991,0.60798,-1
-0.93551,0.25259,1
-0.69956,0.52585,1
-1.7941,-1.3652,1
-0.2127,-0.53119,1
-2.4929,-1.3079,1
-0.1672,1.3506,1
0.16642,-0.71391,1
0.43179,1.9049,-1
-0.3947,1.6809,-1
2.1469,0.46601,-1
1.7434,0.93363,-1
-0.4444,0.41506,1
-0.51835,0.84082,1
-2.1101,0.18961,1
0.077166,-0.39743,-1
0.076685,2.0207,-1
-0.26227,2.0234,-1
0.1126,2.1223,-1
0.17128,0.033038,1
1.7412,-0.67739,1
1.3563,1.2204,1
0.52297,0.032769,1
-0.49967,-0.36471,1
1.8403,1.3804,-1
1.8486,0.1493,-1
0.53935,2.6467,1
0.29494,-0.60893,1
1.1622,-0.60266,1
2.0967,1.4976,-1
1.9893,0.27041,-1
-1.3804,-0.23545,1
0.014458,0.065686,-1
-0.29155,-0.045647,1
-0.093177,1.9082,-1
2.0156,-0.99861,-1
0.20148,1.9877,-1
1.6529,-0.5967,1
-0.42473,0.18769,1
0.86203,0.3856,1
-0.28587,1.8453,-1
1.1886,-2.2936,1
2.1649,1.2955,-1
0.17951,0.19885,-1
1.9169,2.2787,-1
0.8045,0.29203,1
0.80332,1.9792,1
1.0796,-0.80025,1
1.9331,0.73515,-1
1.9861,1.8538,-1
2.3836,-0.93579,1
2.0332,0.35033,-1
0.75127,1.0747,1
0.24566,2.2055,-1
1.9155,2.0909,-1
-0.25005,1.7828,-1
2.1939,0.74954,-1
0.2956,-1.3359,1
-0.17544,1.7955,-1
0.26912,2.1797,-1
2.1934,0.34388,-1
-0.17837,2.0633,-1
1.8598,-1.0781,1
1.1053,-1.54,1
1.9088,0.90922,-1
0.46119,0.27179,1
2.359,1.2582,-1
2.1906,0.65934,-1
1.9129,-0.91561,1
0.34302,1.9354,-1
0.13615,-0.086939,-1
2.1143,1.9504,-1
-1.4121,0.77625,1
0.45686,1.9462,-1
-0.89666,-0.25933,1
-0.16801,1.271,1
-0.1351,1.0781,1
0.084757,0.3403,-1
0.17114,-1.3333,1
-0.14538,-0.86619,1
-0.32021,-0.45996,1
1.8979,0.57607,-1
-0.03972,-1.5423,1
-0.33636,-0.31422,1
1.885,3.0612,-1
0.67268,0.1957,1
0.10845,1.2157,1
-0.94082,-0.89601,1
0.13484,-0.57894,1
-0.52632,-1.1702,1
1.8437,2.3887,-1
1.592,1.4497,-1
-0.091375,0.030118,-1
-0.43974,1.8762,-1
-0.11623,-0.26191,-1
2.3001,0.94182,-1
0.52721,-0.77352,1
1.829,2.2913,-1
1.6935,2.0695,-1
0.53891,-0.71707,1
-0.36051,0.047144,-1
0.27468,-1.3738,1
1.762,1.457,-1
0.14241,1.7925,-1
1.5708,-0.6015,1
-0.098692,-0.11119,-1
1.8047,0.90213,-1
2.1216,0.91814,-1
-0.25604,-0.26121,1
0.47163,0.80825,1
0.0066736,2.2146,-1
-0.5524,-1.2021,1
0.20108,0.18194,-1
1.9841,-0.064735,-1
2.2753,3.0998,-1
-0.65832,-0.04928,1
-0.013904,2.0643,-1
-1.0905,0.47119,1
0.75378,-1.2089,1
0.021521,-1.1074,1
-0.87737,-1.3395,1
-0.10675,2.2806,-1
0.17741,0.14386,-1
-0.27381,0.039973,-1
2.3372,1.7098,-1
1.7176,1.7763,-1
-1.1946,0.76394,1
-2.2522,1.5271,1
0.062551,-0.87386,1
1.4207,-0.29139,1
-1.2059,0.63427,1
0.75706,-0.78471,1
2.2857,0.62125,-1
1.617,-0.61407,-1
0.075851,2.0422,-1
0.053993,0.089393,1
-0.38927,0.48027,1
0.42142,1.2738,1
-0.27213,-0.25251,-1
-0.47723,0.65264,1
-0.38819,-0.030266,1
-0.32886,1.1176,1
1.9503,-0.21768,1
-0.35773,-0.56036,1
-1.4555,1.4963,1
-0.057204,1.8064,-1
0.1094,0.23181,-1
0.16132,-0.21128,-1
2.2664,-0.19079,-1
-0.28683,0.20384,-1
1.7189,2.7281,-1
1.9202,0.7996,-1
-0.59237,-0.49592,1
-0.12071,2.3282,-1
2.0353,0.6088,-1
-0.11452,1.8783,-1
0.61521,1.3227,1
-0.13853,0.4273,1
0.28514,2.4176,-1
-0.52912,1.9663,1
-0.23183,0.20392,-1
1.8712,0.48908,-1
1.73,1.3752,-1
-0.07927,1.8903,-1
0.16777,-1.3339,1
0.26004,0.93582,1
-0.20796,2.3577,-1
-0.91824,2.0372,1
0.46096,2.0749,-1
0.063009,2.2014,-1
0.31966,0.11019,-1
-0.22833,2.2245,-1
2.014,0.98155,-1
1.2952,1.6221,1
-0.28394,-0.61425,1
-0.15394,-0.06544,-1
1.4838,0.14245,1
1.581,1.0597,-1
-1.5936,-0.26657,1
1.0438,1.439,1
-1.5641,0.78035,1
0.085687,1.997,1
1.8684,0.53734,-1
1.7969,0.03835,-1
0.15238,-0.032435,-1
0.20926,-0.65558,1
-0.46678,-0.33725,1
0.34334,1.7149,-1
0.34292,1.829,-1
0.62458,-1.3236,1
0.32085,-0.42656,1
1.0216,0.5613,1
1.9321,0.76996,-1
0.18465,2.3531,-1
2.1149,-0.091584,-1
2.3358,1.0762,-1
1.6355,0.29001,1
1.7779,0.028194,-1
0.83492,-1.2256,1
-0.47062,-0.47354,1
-1.1683,-1.1274,1
-1.2712,0.80941,1
-0.26491,0.42384,1
0.099331,1.8663,-1
0.2484,0.1264,-1
1.2271,0.76349,1
0.15893,-0.13934,-1
-0.068968,-0.15855,-1
-0.95139,1.7869,1
0.37567,-1.6993,1
-1.2482,0.20699,1
2.2861,2.2966,-1
-1.1712,0.48597,1
0.44701,-0.96453,1
2.2156,0.16399,-1
0.44818,0.097273,1
-0.036913,0.2106,1
-0.18571,-1.4866,1
-0.23523,-0.96836,1
-0.51198,0.19112,1
0.71324,-0.51796,1
0.19655,-2.4155,1
2.175,3.1537,-1
0.084477,2.0974,-1
1.9922,1.8264,-1
0.39771,1.0476,1
2.0333,-0.60327,1
0.59144,0.72518,1
-0.699,-0.87052,1
0.72606,0.49678,1
1.9544,0.95792,-1
2.3848,2.0776,-1
0.054945,2.164,-1
0.17052,0.5005,1
2.0748,1.2477,-1
-0.067559,-0.90898,1
-0.01395,0.089705,-1
1.971,1.0131,-1
-0.20982,0.082254,-1
1.9325,1.1544,-1
-0.79199,0.6844,1
0.12365,2.5044,-1
1.2595,0.36534,1
1.846,0.25508,-1
0.10371,0.59522,1
0.048987,-0.10686,-1
0.025663,1.1403,1
-1.2237,0.46829,1
-0.36003,-0.094585,-1
-1.3288,-1.289,1
0.28976,2.085,-1
-1.4817,1.7661,1
1.283,-0.89218,1
-1.2389,-0.57399,1
1.5514,0.92399,1
1.9162,0.87596,-1
2.1602,0.1882,-1
1.9153,2.0078,-1
-0.060985,-0.014987,-1
0.23242,1.6218,-1
1.4562,0.10978,1
2.4175,1.2409,-1
1.8869,0.45307,-1
-0.21395,-0.44144,1
2.4376,0.44661,-1
2.0937,1.9294,-1
-0.49773,1.3559,1
-0.20409,-1.6602,1
0.47954,-0.085643,-1
2.1675,0.69853,-1
0.015514,1.9182,-1
2.2076,2.1182,-1
1.9896,2.6842,-1
-1.0349,0.50725,1
-0.93226,1.6023,1
0.081828,2.0514,-1
1.6924,1.5162,-1
0.079181,1.8607,-1
-0.49593,1.5231,1
1.9558,0.80758,-1
-0.37398,0.10059,1
0.19944,1.9669,-1
0.26107,-0.22509,-1
-0.1988,-1.281,1
2.4067,0.39673,-1
-0.49995,2.912,1
-0.055332,0.002192,-1
2.3171,1.3975,-1
1.833,-0.35612,-1
0.16224,-0.19958,-1
1.7912,2.2511,-1
2.2425,0.47138,-1
2.037,0.72488,-1
1.8821,0.385,-1
2.0473,0.23733,-1
-0.46664,0.23622,1
0.18484,1.2741,1
2.2844,2.1366,-1
0.63965,-0.89373,1
-0.35169,-0.32565,-1
1.3741,0.13973,1
-1.5694,0.50703,1
1.9875,2.7459,-1
0.023109,1.8693,-1
0.18529,2.1944,-1
2.0287,2.2818,-1
-0.77764,-0.51252,1
-0.054798,-0.15759,1
-0.062076,0.78488,1
2.1063,1.5977,-1
-0.043786,0.18016,-1
2.1829,0.84238,-1
2.09,2.7891,-1
-0.20316,1.532,-1
-1.0172,1.3024,1
0.4427,0.91748,1
1.4564,0.38054,1
1.188,-1.8694,1
-0.25951,1.8937,-1
-0.82684,0.10123,1
-1.1898,2.2642,1
0.18282,0.1699,1
2.0965,-0.84037,-1
2.1194,-0.78446,-1
-0.44239,-0.11364,-1
1.8744,0.49369,-1
-0.16461,-1.4637,1
-0.14969,-0.071293,-1
-0.65536,1.0048,1
-0.38259,1.9761,-1
-1.546,1.6479,1
1.8144,0.42771,-1
-1.4412,0.36525,1
-0.56556,-1.2372,1
-0.3353,-0.69445,1
0.3954,-0.023193,1
0.1716,2.0972,1
2.137,2.9415,-1
2.0084,1.0553,-1
-0.087533,-0.99409,1
0.015868,2.2887,-1
-0.44662,-1.4978,1
1.9989,-0.19077,-1
-0.088733,-0.058058,-1
0.02482,-0.012129,1
0.20456,-0.12288,-1
2.1172,0.37734,-1
2.2535,0.94596,-1
-1.9801,0.20342,1
0.69639,-1.3592,1
2.5486,-0.62191,-1
1.9399,1.7441,-1
0.22487,2.1158,-1
-1.2574,-1.3123,1
1.6137,-1.1799,1
-0.069144,-0.030815,-1
2.1625,0.2718,-1
2.2412,1.8778,-1
-0.35486,2.1958,-1
-0.21583,0.11139,-1
-0.004305,-0.75476,1
0.37432,-0.25454,-1
1.7055,-0.043126,1
1.9485,0.53448,-1
0.26764,-1.9233,1
1.8714,0.06803,-1
-1.7191,0.45658,1
1.9493,2.4916,-1
0.057616,-0.49963,1
0.095946,2.0889,-1
-0.061871,0.49187,1
0.2269,2.086,-1
0.84357,0.16345,1
0.04423,-1.1531,1
0.29759,-0.37209,1
1.5394,1.2209,1
-0.93083,0.075039,1
-0.30947,0.98192,1
0.25861,2.0589,-1
-0.17588,-2.5246,1
-0.62796,0.8776,1
3.0409,1.008,1
1.0683,0.89487,1
0.62429,-0.015931,1
0.10901,-0.040851,-1
-0.24917,-0.83713,1
-1.6274,0.40809,1
1.8237,-0.42415,-1
0.32354,1.9733,-1
0.45757,-0.90531,1
0.058525,-0.89577,1
-0.090544,1.8192,-1
0.2151,2.0137,-1
3.3297,0.22299,1
0.20534,-0.062292,-1
-0.13839,-1.442,1
-0.04796,-0.78685,1
2.2711,-0.24546,-1
1.6356,0.94029,-1
-0.0066385,-0.58461,1
0.42299,0.2363,-1
-0.31132,-0.31387,-1
-1.6673,-0.18826,1
-0.12498,0.19492,-1
0.089516,2.0378,-1
1.5659,-1.5976,1
2.4326,2.8384,-1
-0.27183,0.84628,1
2.1898,-0.11399,-1
0.54072,0.095607,1
-0.96999,-2.2058,1
1.8531,1.1215,-1
-0.25437,2.2936,-1
-0.011569,-0.1441,-1
-0.41931,0.063431,-1
-0.75018,0.69459,1
1.8638,1.0992,-1
0.050435,2.0893,-1
-0.8491,1.6989,1
2.1518,0.36764,-1
-0.79864,0.31374,1
0.42381,-1.3156,1
1.7795,0.96668,-1
2.0204,2.4905,-1
-0.033642,2.1094,-1
1.0717,-1.4091,1
1.9677,-1.4379,-1
0.77421,-0.036364,1
0.23248,2.1073,-1
-0.31995,-0.26634,-1
-2.0347,0.53494,1
0.22165,1.12,1
-1.1331,-0.36762,1
-0.14984,2.0068,-1
1.8029,1.8515,-1
0.046776,0.021797,-1
-0.095224,1.9357,-1
1.9417,0.95435,-1
1.6428,-0.5836,1
2.2407,-0.2474,1
-0.020283,0.65337,1
1.2013,-1.087,1
-0.17196,1.5801,-1
0.32232,-0.65884,1
-0.13773,1.5987,1
-0.039123,0.97789,1
1.7446,1.3282,-1
0.18915,-0.11469,-1
0.53146,0.14259,1
1.4086,-0.021808,1
2.1043,2.9586,-1
0.3997,-0.20331,-1
2.0535,0.23643,-1
1.7772,1.0815,-1
1.8144,0.76923,-1
1.6656,-0.36072,1
-0.35788,-2.4918,1
0.37226,1.5093,1
1.5914,-2.2437,1
0.81249,-0.7282,1
0.12294,-0.38754,-1
1.8509,1.6645,-1
-0.12748,1.1431,1
1.9224,2.5431,-1
-0.34614,0.07803,-1
0.44273,0.211,1
-0.73613,0.16202,1
-0.43267,2.6853,1
2.2427,0.89196,-1
1.8052,0.77659,-1
-0.029409,-0.3344,1
2.2959,-0.27221,1
0.16026,2.0223,-1
2.0323,0.12373,-1
-0.061451,2.0347,-1
0.45345,-0.69808,1
0.24159,-0.12905,-1
1.9514,1.7245,-1
2.1291,-0.10523,-1
-1.3394,-1.6034,1
1.4309,-0.76362,1
-0.060925,1.8248,-1
0.60288,-1.1594,1
-0.093087,-0.013973,-1
-0.40925,0.21453,1
-0.2304,1.9025,-1
-0.17376,-0.13581,1
0.88308,0.2911,1
0.89502,1.4289,1
2.1058,0.28,-1
-0.13947,2.0991,-1
-0.099387,2.2028,-1
0.87431,0.2859,1
-0.34029,-0.22743,1
0.14971,-0.11548,-1
-0.8009,0.40381,1
1.9926,1.2106,-1
-0.37838,0.57449,1
-0.11426,2.2068,-1
-0.51107,0.1361,1
-1.2302,1.691,1
0.23121,-0.092278,-1
2.1403,0.31934,-1
-1.1489,-1.8371,1
0.28702,-0.11905,1
2.0676,0.65841,-1
-3.004,-0.85971,1
-0.085267,2.2667,-1
2.0464,0.19009,-1
1.9497,0.52286,-1
2.002,1.4404,-1
2.1493,-0.29636,-1
2.0221,0.0564,-1
2.0211,1.6577,-1
0.35461,-1.5606,1
1.8321,1.1043,-1
1.837,-0.7672,1
-0.33794,0.93752,1
1.8358,2.0246,-1
2.0951,1.2531,-1
1.0862,-0.51002,1
0.67513,-1.1791,1
-0.77343,1.2303,1
1.1461,0.23615,1
-1.0372,-0.16858,1
1.151,0.52761,1
2.03,1.0315,-1
1.3723,-1.5106,1
2.1277,1.3519,-1
-1.5779,-0.63955,1
0.3202,-0.28072,1
-2.3222,2.0471,1
0.93624,-0.47405,1
-1.1025,-0.58037,1
-0.84265,-0.29607,1
2.0419,0.34442,-1
0.18632,-0.31546,-1
-0.74151,-0.23743,1
-0.18491,-0.92668,1
0.56485,0.10369,1
-0.10047,1.5239,-1
2.4955,0.43472,-1
0.92399,0.20557,1
0.67333,-0.7947,1
-0.0088399,-0.48474,-1
0.38068,0.44236,1
1.9509,0.68021,-1
2.0354,-0.28755,-1
1.9328,0.48893,-1
0.99573,-1.3786,1
2.4251,1.7282,-1
-0.2289,1.0069,1
-0.71135,-0.57139,1
-1.1758,0.36933,1
0.055602,2.0695,-1
0.21178,-2.8108,1
2.0821,1.9797,-1
1.1328,2.4761,1
0.139,0.074794,1
0.60944,-0.48043,1
-0.32582,1.3785,1
-0.81245,-0.49796,1
0.00497,1.9454,-1
-1.0584,0.57917,1
-0.071598,0.20626,-1
-1.2654,-0.66323,1
-0.095228,2.1029,-1
-0.10099,2.1814,-1
0.19114,0.72088,1
0.8137,2.6985,1
0.12708,0.51397,-1
0.83334,-0.59452,1
0.15209,-0.10429,1
-0.67993,-0.9922,1
1.9643,2.2575,-1
2.1894,2.8129,-1
-0.075094,0.17305,-1
-0.17724,2.0724,-1
1.9416,-0.13024,-1
0.056364,1.8887,-1
-0.25954,3.7569,1
0.80763,1.0511,1
1.4557,0.1027,1
2.0545,0.46428,-1
0.35954,-0.0014108,-1
-0.2066,0.11627,-1
-0.41495,0.44855,-1
1.8074,1.4176,1
1.7683,-0.1811,-1
-0.97235,0.68995,1
-0.24002,1.9441,-1
-0.48585,-0.35862,1
1.4583,1.2615,1
2.2076,1.598,-1
0.54709,1.879,-1
-0.23205,-0.32006,1
0.69562,0.99768,1
0.28854,-0.15614,-1
2.1669,1.3334,-1
0.13412,0.32439,-1
0.21945,0.2314,-1
0.094506,1.9007,-1
2.5696,1.8372,-1
-0.21119,-0.73519,1
-1.1717,0.024424,1
2.2377,-1.2936,-1
-0.30252,-0.060115,1
0.73467,-0.53399,1
-0.37886,-0.66326,1
0.092638,-0.85724,1
-0.078737,2.037,-1
-0.2717,1.099,1
0.031179,1.6862,-1
-0.76092,-1.0075,1
1.6094,0.87026,1
0.084254,-0.054957,-1
1.5931,1.5349,-1
1.5435,-0.67749,1
-0.082576,0.3464,-1
0.0086646,1.9172,-1
0.10682,-0.063273,-1
0.4027,0.28418,1
1.0786,1.703,1
-0.14304,2.2666,-1
0.054011,1.9986,-1
-0.081527,1.7426,-1
-0.96609,-0.3318,1
2.2465,-0.57271,-1
-0.28913,-0.17263,-1
-0.10694,2.168,-1
-0.0026595,1.9725,-1
0.085605,0.36475,1
1.926,2.4382,-1
1.7894,0.9922,-1
0.32007,1.9462,-1
-0.75539,0.27293,1
0.77575,-2.6161,1
-0.13912,0.23429,1
-0.075648,0.11184,-1
0.16318,-0.32794,-1
2.1303,1.6347,-1
0.33363,-0.18332,-1
0.082104,-0.55376,1
-1.4053,1.7281,1
-0.6024,-0.25215,1
-0.51466,-0.08752,1
-0.49635,-0.51343,1
1.9135,3.6853,-1
-0.84286,-6.91e-05,1
0.12039,0.12457,-1
-0.17339,-1.0606,1
1.9586,0.7814,-1
2.2229,1.2995,-1
2.0756,2.0728,-1
2.0247,0.94768,-1
-0.1817,2.1197,-1
-0.12787,-0.23496,-1
-0.10897,0.37494,-1
-0.16812,1.9121,-1
0.61757,-1.6808,1
2.1458,1.4295,-1
1.9846,1.2921,-1
1.0626,1.6061,1
0.023909,0.85677,1
-0.21004,0.32322,1
2.0188,0.12207,-1
-0.32111,-0.26336,1
-1.9809,0.70825,1
0.24555,1.3171,1
-1.1463,0.62494,1
1.5254,-0.37293,1
-2.7602,-0.59247,1
0.66086,1.6534,1
1.0163,0.80686,1
-0.29935,1.362,1
0.38216,-1.6218,1
1.8854,-0.27937,-1
-0.19811,2.1731,-1
0.026395,0.70636,1
0.093128,0.90458,1
1.0153,0.36201,1
0.15091,0.28015,1
2.2522,1.2357,-1
1.3781,0.99086,1
2.025,1.0949,-1
-1.902,0.37359,1
0.97824,-0.37043,1
-0.61543,-0.011368,-1
0.26052,0.45391,1
1.8358,1.8937,-1
1.3908,0.5956,1
-0.0057399,1.6146,-1
-0.10443,1.9928,-1
2.2296,1.6778,-1
-0.1146,1.698,-1
1.6871,-0.203,1
2.2697,-0.030721,-1
0.11276,1.5564,1
-0.14552,0.59764,-1
0.81409,0.20072,1
-0.16986,-0.10341,-1
0.50925,0.9656,1
-0.69254,1.2964,1
1.2201,0.17441,1
1.9089,0.43689,-1
0.32441,-0.11385,-1
1.7916,-0.27256,1
-0.81085,1.7894,1
0.18238,2.0355,-1
-0.21602,0.58692,1
-0.11922,2.0604,-1
0.45346,2.2218,1
-0.65455,-0.57599,1
0.37995,-0.97939,1
1.923,1.4726,-1
-0.54155,-0.90294,1
1.8844,1.1078,-1
1.8692,0.89445,-1
2.1279,0.10627,-1
-0.53237,0.46513,1
1.4832,0.67604,1
0.21697,1.9855,-1
2.2701,2.6782,-1
0.061556,-0.20225,-1
-0.7072,-0.62889,1
0.028227,0.05795,1
2.0172,0.65803,-1
1.992,1.3951,-1
1.9182,0.15299,-1
0.14107,-2.3501,1
0.80785,0.73943,1
1.9199,1.451,-1
-1.3159,0.65146,1
0.20296,0.12887,-1
-0.92289,-0.28857,1
0.44867,2.2821,-1
0.24485,1.5045,1
-0.20716,0.088754,-1
0.49362,0.1007,1
2.1046,0.5724,-1
-0.70634,-0.62978,1
-0.13909,2.0723,-1
0.64767,1.7753,1
1.5051,-0.98961,-1
0.1216,0.095883,-1
2.1162,2.5138,-1
0.15406,-0.050328,1
1.6043,0.77731,1
-0.21761,-0.05864,-1
0.11801,0.2098,-1
0.38611,0.35805,1
1.5944,1.1412,1
-0.15011,0.40283,1
0.98925,0.47507,1
1.3426,0.27592,1
2.2089,1.8359,-1
0.46097,0.39576,1
-1.5714,-0.33407,1
2.0742,0.39812,-1
-0.89091,1.1639,1
-0.14423,0.043249,-1
1.2301,-0.66641,1
-2.3601,-0.30809,1
0.23993,-0.23266,1
-0.15965,-0.2071,-1
0.047505,2.1159,-1
-0.32992,-1.2941,1
-1.6668,1.3562,1
2.0159,1.8685,-1
2.0865,-0.72255,-1
0.39494,0.077849,1
0.085872,2.0991,-1
1.6963,-0.58895,1
-0.60131,0.59972,1
0.018276,-0.8915,1
1.8777,0.39957,-1
0.1429,1.8384,1
2.3902,2.3604,-1
0.34547,1.7732,1
-2.2217,-1.3763,1
-0.15768,-0.69861,1
1.6532,0.43485,-1
1.8712,-0.18535,-1
2.1846,2.8104,-1
1.8821,2.064,-1
2.0903,1.9203,1
0.23418,1.8022,-1
0.088065,-0.048305,1
-0.86391,-0.23977,1
2.3836,1.6971,-1
-0.27658,0.30923,1
-0.13796,-0.71471,1
0.13612,2.0362,-1
0.042779,0.96776,1
2.1635,-1.4079,1
2.1756,0.029822,-1
-0.70215,0.39517,1
-0.30035,1.6754,1
-0.84482,0.31438,1
-0.39606,-0.26103,1
2.0244,2.3422,-1
-1.3604,-0.78229,1
-0.76197,1.4545,1
1.8193,-0.33997,-1
1.7719,-0.97633,-1
-0.38875,0.071646,1
-0.2438,1.6139,-1
0.79078,1.3034,1
1.938,2.8868,-1
-0.10888,-0.43071,-1
-0.4072,1.945,-1
0.42739,0.063117,1
0.004741,0.0027763,-1
0.65646,-1.6474,1
1.7288,-0.70083,1
-0.065646,-0.64242,1
-0.0053776,-1.1908,1
-0.47883,-0.46412,1
0.071136,0.85622,1
2.0405,-0.36393,-1
-2.283,0.9353,1
1.9242,1.9762,-1
-0.22132,-1.2258,1
-0.20514,-0.19849,-1
1.0446,-0.99166,1
2.1339,0.091841,-1
0.047466,0.091876,-1
0.18487,0.093782,-1
1.7623,-0.69106,-1
0.42693,-0.64155,1
0.99822,3.3504,1
0.015984,1.9932,-1
1.9735,0.61627,1
0.29318,-0.33661,1
-2.635,0.097981,1
-0.11935,0.19453,1
-0.37863,-1.4106,1
2.0051,2.1403,-1
-0.64368,1.5364,1
-0.1667,-0.52442,1
1.6059,-1.2452,1
2.0809,1.6746,-1
0.32235,1.0695,1
-0.57486,2.0612,1
-0.34255,-0.64213,1
0.83921,-0.28438,1
2.4848,0.30317,-1
1.2435,-1.13,1
-0.17784,-1.8681,1
0.60252,-0.78785,1
-0.15693,1.2245,1
0.20067,-0.14951,-1
0.94567,-0.57721,1
0.16064,1.9264,-1
2.0936,1.8475,-1
-0.33461,-0.26485,1
1.665,-0.053848,-1
0.9037,0.3767,1
-0.056317,-0.81933,1
1.8245,-0.33949,-1
-0.098717,-0.046493,1
2.1354,0.94756,1
-0.022685,2.1804,1
2.3805,0.19383,-1
1.0651,0.74533,1
0.75056,-2.5061,1
0.27794,2.0545,-1
2.2471,0.16151,-1
0.0090412,2.2288,-1
0.055744,-0.81989,1
1.4644,-0.85081,1
2.2043,1.5613,-1
2.1998,0.10193,-1
-0.11137,1.7834,-1
0.80063,-0.53295,1
-0.57053,0.57974,1
-0.089453,2.3598,-1
0.39343,0.049261,-1
0.33331,1.0904,1
0.57338,-1.0019,1
-1.6229,0.50648,1
2.393,-0.6641,1
-0.23296,1.9424,-1
1.0824,-1.7398,1
0.035779,-2.4831,1
-1.1825,1.3318,1
-0.37007,1.4382,1
2.1881,1.2208,1
-0.089745,1.9497,-1
0.41749,0.92872,1
2.0048,1.8568,-1
2.0303,-0.078748,-1
1.4788,-0.046153,-1
-0.093653,1.8391,-1
0.28372,-0.46152,1
-0.051783,1.8004,-1
-0.56616,-0.96554,1
0.030104,-2.2305,1
-0.28746,0.058301,1
-0.057167,-0.22732,-1
0.77639,-3.0248,1
0.62045,-0.94449,1
-0.047139,1.85,-1
0.13104,0.19198,1
0.16272,2.2065,-1
-1.2831,0.18793,1
2.1187,1.4827,-1
1.2744,-0.64076,1
2.072,2.6043,-1
-0.48488,0.97351,1
0.067056,1.8815,-1
0.27281,-0.35788,1
1.8586,0.37111,-1
2.1611,1.5835,-1
0.0060985,2.1509,-1
2.2448,1.6026,-1
-0.32208,1.6303,-1
-0.90276,0.68178,1
1.7364,0.62399,-1
-0.75832,-0.7254,1
-0.68897,-0.10495,1
1.9813,0.92642,-1
-0.052963,0.61318,1
0.19091,2.1188,-1
-0.036136,1.7316,-1
1.1574,-0.42807,1
1.5698,-1.0505,1
1.9724,0.28529,-1
0.010666,2.1589,-1
0.72259,-0.9903,1
1.8445,0.48748,-1
-0.70527,0.42605,1
0.93631,-0.60494,1
0.4385,0.43209,1
1.6721,1.5953,-1
0.56345,1.5008,1
0.16262,-0.18764,-1
-0.54093,0.43106,1
2.3568,1.2993,-1
-1.6535,0.83465,1
0.071049,1.5337,-1
-1.1138,0.081529,1
0.064724,2.4402,-1
-0.23475,-2.1475,1
0.18994,0.00023081,-1
2.0484,1.0642,-1
-0.23931,-0.10491,-1
0.10727,0.38129,-1
1.7268,1.737,-1
1.9928,0.87337,-1
-1.2938,0.52177,1
2.1842,0.66982,-1
-0.66199,0.24266,1
2.1235,-0.68077,-1
2.1046,0.54027,-1
-1.8645,1.1982,1
0.87418,-0.068116,1
-0.9599,0.11027,1
1.1335,-0.55653,1
-0.56431,1.1559,1
0.71414,0.9161,1
0.085143,0.076662,-1
1.5769,1.4913,-1
0.1205,1.6257,1
-0.24119,0.28742,-1
1.4669,-0.74945,-1
1.806,-1.2058,-1
0.01439,0.11097,-1
0.48859,1.9728,-1
0.27489,0.7941,1
-0.010072,0.32525,-1
-0.65313,-1.2154,1
0.52922,1.9961,1
-1.4535,-0.12675,1
0.078048,1.8925,-1
-1.7993,1.701,1
0.095754,2.0997,-1
-0.4977,-0.60603,1
2.2834,1.6627,-1
-0.10543,0.022644,-1
0.74988,0.80231,1
-0.28058,1.7232,1
-0.2254,-0.98484,1
-0.32937,-0.96102,1
-0.22407,1.3426,1
1.7942,0.93408,-1
0.69154,0.9762,1
1.6185,-0.10549,1
1.2569,1.3871,1
-0.31482,0.078127,1
0.0082807,1.9751,-1
-0.68513,0.064015,1
-0.055605,-1.1756,1
1.5811,2.1746,-1
-0.00095699,-0.18594,-1
0.075774,-0.17658,-1
2.022,1.8529,-1
-0.67951,-0.36628,1
2.2304,0.50004,-1
1.3992,0.14029,-1
2.0407,1.7635,-1
-0.45363,-0.5934,1
-0.24543,1.3682,1
0.34044,-1.3063,1
0.10495,-0.16419,-1
0.1219,-0.18699,1
2.0779,0.91078,-1
1.9123,1.6686,-1
0.16997,-0.11302,-1
-0.38207,-0.56582,1
1.2674,-0.054041,1
-1.3801,0.34652,1
1.95,1.8045,-1
1.2881,0.57354,1
2.0818,0.45548,-1
-0.14808,0.15633,1
0.62577,-0.99711,1
-0.80957,0.18926,1
-0.029836,1.9188,-1
2.2335,-0.34728,-1
-0.18997,1.5337,1
-0.24324,0.7245,1
2.0119,0.71194,-1
1.748,1.8871,-1
1.9098,1.0249,-1
-0.80785,-0.22134,1
2.3237,0.89451,-1
1.0544,0.28478,1
-0.14908,-0.6894,-1
2.0578,-0.3634,-1
-0.021363,1.9207,1
2.1692,1.4018,-1
2.0207,1.5952,-1
-1.0528,-0.0077967,1
-0.067558,1.6818,-1
-0.025284,-0.022393,-1
0.76946,-2.5792,1
0.71691,-1.3277,1
1.8345,1.1862,-1
-1.0914,0.19755,1
0.08463,1.791,-1
-0.10865,2.1401,-1
-0.046789,-0.089777,-1
0.086329,-0.043866,-1
-2.2755,1.2624,1
0.017891,2.185,-1
-0.073861,1.8681,-1
-1.2881,0.41691,1
-0.49812,-0.3064,1
0.026954,2.0706,-1
-0.8508,-0.12108,1
1.8375,0.50204,-1
0.1245,-0.17244,-1
-0.74018,-1.059,1
2.4563,-0.45818,1
1.9542,2.0069,-1
1.963,0.073319,-1
2.1103,1.1245,-1
0.61404,-0.50876,1
0.14972,-0.07117,1
2.0235,1.1828,-1
1.8688,1.0494,-1
0.18849,1.2542,1
0.73708,1.2328,1
1.8613,0.9274,-1
1.8461,1.2824,-1
1.7807,1.5896,-1
-1.2926,0.15091,1
2.1903,0.44085,-1
0.12732,-0.54418,1
2.1021,0.59815,-1
2.2054,0.96296,-1
1.4804,-1.4064,1
0.27751,-0.036887,-1
2.2454,1.1087,-1
0.47572,-0.31141,1
2.6961,0.073115,-1
2.3299,0.84028,-1
-0.10364,0.56539,1
0.90127,-0.89181,1
0.71479,-0.32455,1
-2.4641,-0.64537,1
-0.45704,0.2568,1
-0.75424,1.7249,1
0.60296,0.1404,1
-1.5786,0.42094,1
-0.56603,-0.97897,1
0.26719,0.22095,-1
2.334,-1.3214,-1
1.8097,2.7869,-1
0.45706,0.86868,1
-0.65618,0.049389,1
2.2963,1.3116,-1
-0.42314,2.0038,-1
-0.075191,0.11298,-1
0.41302,1.8662,-1
2.0104,1.9162,-1
1.9876,1.4919,-1
2.155,0.2007,-1
0.60505,-0.025323,1
-0.32261,-1.133,1
2.4862,2.0259,-1
-0.3288,-0.11969,1
-1.8787,-0.21528,1
1.4131,-1.0526,1
0.21216,0.1494,-1
2.2802,2.0459,-1
0.15228,0.24803,-1
0.13915,0.78014,1
1.8947,0.69361,-1
0.091508,2.048,-1
2.2577,1.1591,-1
2.1654,1.7966,-1
-1.6702,1.2626,1
1.8854,0.64799,-1
-0.76936,0.28238,1
-0.58477,-0.066829,-1
-1.7829,-0.78181,1
0.052004,0.91619,1
2.0488,-0.60876,-1
-1.1647,0.037774,1
2.0447,-0.79657,1
-0.34302,0.12747,1
-1.1037,-0.33062,1
0.86009,0.1646,1
-0.056695,-1.074,1
-0.13384,0.17346,-1
-1.6972,-0.46163,1
2.5793,1.9068,-1
0.91411,1.302,1
-1.2952,0.66588,1
-1.9858,0.43201,1
2.2253,0.75788,-1
2.0876,0.24088,1
0.19736,-1.3767,1
-0.71828,-0.64699,1
2.0291,2.3175,-1
0.1133,-2.6271,1
-1.2456,-1.9418,1
2.2563,3.3064,-1
0.75731,1.4207,1
0.19163,-0.06721,-1
0.13573,0.28628,1
-0.59817,-0.64824,1
0.86308,1.8213,1
2.0496,1.315,-1
2.0717,1.7429,-1
-1.2696,0.17247,1
-0.24541,2.0038,-1
-0.17259,0.01553,-1
0.13935,-1.2979,1
-0.039237,0.82643,1
-0.16674,0.13069,-1
1.8942,2.6282,-1
0.06726,-0.60962,1
0.46998,1.3652,1
0.14683,1.1775,1
0.027241,1.7252,-1
-0.67606,-0.58229,1
-0.14844,1.771,-1
-0.071521,-0.065367,-1
-0.46627,1.9391,1
-0.19565,2.127,-1
1.8158,1.2135,-1
1.1846,1.222,1
0.015096,-0.093687,-1
0.10044,1.957,-1
-0.22033,-0.0012117,-1
0.01953,-0.57699,1
-0.72062,-2.6355,1
-1.5493,-0.45328,1
-0.19381,1.5805,-1
1.1689,-1.0428,1
0.82599,1.192,1
-0.40053,0.45099,1
-0.27885,-0.29398,1
0.17323,-0.13224,-1
2.0299,0.92883,-1
-0.26239,2.4859,-1
-0.26184,1.9319,-1
2.0453,2.6194,-1
2.0341,1.5005,-1
-0.65325,-0.59846,1
-0.53558,1.7676,-1
-0.26626,1.9615,-1
2.3674,0.30314,-1
0.54858,2.2275,-1
1.7239,-0.11508,1
-0.14771,-0.48438,-1
-0.18725,-0.14209,-1
-0.20907,-0.1836,-1
0.080486,1.9997,-1
1.6613,1.5044,-1
2.6093,1.0133,-1
1.9394,0.83652,-1
0.14484,0.46178,1
1.7755,0.072164,1
2.188,1.6156,-1
0.47838,1.9905,-1
0.47424,0.86296,1
-0.96788,-0.18088,1
-0.0037706,0.20912,-1
-0.46758,-1.3373,1
1.9604,2.907,-1
1.4242,-0.51338,1
1.9717,1.1757,-1
0.21853,1.1772,1
2.1448,3.1018,-1
0.061359,2.1494,-1
0.095677,-0.27973,-1
0.018793,0.059569,-1
0.33688,-0.20235,1
1.2169,-0.44426,1
2.2133,0.52439,-1
0.0074534,-0.050538,1
-0.46989,-0.28303,1
0.11389,0.13037,-1
-0.82824,-0.03829,1
-0.13116,0.57443,-1
-0.049296,0.096334,1
1.6745,1.4081,-1
-0.24641,-0.21798,-1
-1.3174,0.98243,1
-0.054202,0.011509,1
-0.49946,-1.0311,1
0.43359,-0.61638,1
0.1393,1.7369,-1
1.9241,1.0776,1
0.090738,-0.2633,1
0.16963,2.1919,-1
-0.95094,-0.78039,1
1.7967,1.7369,-1
-0.04762,1.8601,-1
0.10429,-0.44581,1
0.29522,0.15912,-1
1.7251,-0.38597,-1
0.40119,0.15759,1
0.17959,2.1826,-1
-0.8481,1.9362,1
1.7083,0.84002,-1
0.13183,0.19903,1
1.8129,-0.58622,-1
-0.020417,1.8835,-1
-0.080655,0.28972,-1
-1.4564,-0.64658,1
-0.30859,-1.1341,1
2.3583,0.72744,-1
1.6452,-0.24132,1
2.1565,1.6627,-1
0.69654,0.24685,1
2.027,0.99554,-1
-0.33731,1.8945,-1
-1.5604,-1.4681,1
0.0087927,-0.095577,-1
-0.021183,-0.26855,1
2.013,2.2775,-1
1.744,0.55994,-1
1.9451,2.3909,-1
1.9913,0.62673,-1
-1.1355,-0.92572,1
0.80424,0.40555,1
-0.24074,1.9886,-1
-0.50221,1.9768,-1
-0.18,0.089758,-1
1.815,-1.0139,1
0.08418,2.0761,-1
-0.61228,1.1259,1
1.3555,-0.13461,1
0.062495,2.1216,-1
-0.20535,-0.067129,-1
-0.026616,-0.38469,1
0.59367,0.48274,1
-1.4001,-0.30648,1
-0.061379,1.8857,-1
-0.35756,-0.50874,1
0.51961,-0.40885,1
-1.654,-0.68086,1
1.9008,2.5231,-1
1.95,-1.4383,1
0.51523,-0.5501,1
-0.25178,-0.22574,-1
0.56966,1.4142,1
1.6098,0.28892,-1
-0.29082,0.02611,1
-1.2317,-1.2754,1
-0.43785,1.1487,1
-0.33578,-0.51107,1
-0.031903,-0.29057,1
1.7895,0.46189,1
0.19584,-0.23021,-1
-0.6918,0.46146,1
0.010098,0.74603,1
-1.2126,0.50136,1
1.1423,-0.8213,1
2.0311,1.1265,-1
0.15511,0.42198,-1
-0.20899,0.20258,-1
0.19012,2.3309,1
2.0216,-0.83879,-1
-0.54698,2.3502,1
-1.2689,-0.2349,1
0.78553,-0.28431,1
-1.9298,1.6804,1
0.5533,0.83944,1
-0.087069,0.24399,-1
-0.23191,-2.87,1
0.40799,1.6916,1
1.0518,-1.175,1
2.0657,0.79646,-1
1.834,-0.99828,-1
1.7426,0.46971,-1
0.20413,1.7706,-1
2.2091,1.2929,-1
0.9546,0.95406,1
-0.040989,2.7095,1
0.88087,0.44687,1
0.0043477,2.0945,-1
-1.356,0.11757,1
0.24737,2.0036,-1
2.4754,1.0134,1
-0.23466,-0.16799,1
1.0455,0.29295,1
1.8431,0.70282,-1
-2.2888,-0.030259,1
1.6704,0.12164,-1
-0.38235,0.3866,1
1.4083,0.081571,1
-0.13704,-0.00034022,1
-0.25186,-1.7414,1
1.8432,1.0523,-1
-0.38421,1.6405,1
0.62597,-1.2458,1
2.0612,1.5108,-1
-0.03132,1.958,-1
-0.08291,0.24141,-1
0.5641,0.19373,-1
-0.33932,0.56804,1
-1.7173,0.68206,1
2.281,0.61729,-1
-0.32416,1.5116,-1
1.965,1.6241,-1
-0.51456,1.022,1
1.0852,-0.12779,1
1.9432,1.0087,-1
1.0239,0.13841,1
1.1332,-1.4894,1
-0.12242,0.047822,-1
-0.48447,1.322,1
-0.54132,-1.3944,1
1.8145,1.1841,-1
-0.71352,1.0637,1
0.48039,0.73044,1
1.4366,1.2066,-1
-0.26741,1.1411,1
2.2717,1.1955,-1
0.22606,-0.45897,1
-0.074479,-0.082274,-1
-0.063727,1.8331,-1
0.17954,0.43773,1
0.24,0.35209,1
0.20429,-0.43612,-1
-2.1072,-0.31667,1
1.7857,-0.041685,-1
1.7798,-0.44248,-1
-0.48753,-2.8437,1
1.9905,0.96171,-1
-0.40364,0.0031112,-1
2.3458,0.29917,-1
-0.19112,2.0507,-1
0.094346,1.9322,-1
1.1789,0.60304,1
2.1149,1.9113,-1
2.1247,0.67645,-1
0.60355,0.26843,1
1.0218,0.35595,1
0.58474,-0.019613,1
0.64737,-0.057992,1
-0.066565,2.0529,-1
0.2778,0.16041,-1
1.5619,-0.95032,1
0.78621,-0.37252,1
0.11822,-0.27614,1
0.374,0.24771,1
2.0948,0.27917,-1
0.040337,-0.033838,-1
0.11502,1.7104,-1
2.5072,0.31878,1
1.0925,0.046135,1
1.8864,1.1265,-1
1.9665,1.3135,1
0.84919,-0.063367,1
-2.1333,-0.99334,1
1.4272,-0.76616,1
1.9683,1.7599,-1
0.70973,-0.087669,1
1.0794,-0.76385,1
2.213,1.7453,-1
1.8346,1.1012,-1
-0.10237,0.84612,1
2.39,-0.43828,-1
1.8517,1.5501,-1
0.67822,2.1621,-1
-0.55822,-1.1705,1
1.54,0.11267,-1
0.65212,0.17507,1
-0.058148,2.2726,-1
0.1916,-0.6004,1
-1.0855,0.0050194,1
2.4046,2.6874,-1
2.1253,1.7138,-1
1.8847,0.58761,-1
-0.69548,0.71152,1
1.6631,0.94323,-1
-0.16349,-0.38935,-1
1.8347,1.7311,-1
-0.15953,0.53772,1
-0.013433,2.0445,-1
-1.7862,-0.25815,1
1.125,0.6626,1
0.55176,2.1686,-1
-1.0558,0.048677,1
-0.6624,-1.3613,1
0.12481,0.094861,1
1.6285,1.5351,-1
-0.19425,1.9511,-1
0.32199,2.2196,-1
-0.04871,2.0672,-1
-2.3037,-1.8049,1
2.2684,2.5173,-1
-0.018556,-0.13571,-1
2.2159,0.19975,-1
0.82834,-0.42165,1
1.9956,-0.82394,-1
-0.12606,2.0592,-1
2.3995,-0.41606,-1
-0.10945,2.2923,-1
0.31027,0.60273,1
-0.16909,1.9528,-1
-0.3785,0.2185,-1
0.14735,-1.0846,1
-0.31252,2.5267,1
-0.017065,1.8188,-1
-1.6088,0.21063,1
-0.092705,-0.035345,-1
1.8028,1.9598,-1
0.041609,2.1224,-1
-1.7592,-0.59193,1
0.24736,-0.10713,1
2.0823,-0.44264,-1
0.037857,0.016769,-1
-1.9264,-0.13337,1
1.9185,-0.014496,-1
1.8006,-0.51295,-1
0.10347,2.0105,-1
1.9697,0.8017,1
-0.19007,1.8785,-1
1.8764,0.61584,-1
2.0549,0.74671,-1
2.2249,0.73612,1
1.602,-0.036133,1
1.9974,-0.9441,-1
1.0759,1.2268,1
-0.13764,-0.74509,1
1.9341,0.038976,-1
-0.17727,1.8556,-1
0.12555,2.0372,-1
-0.10273,0.17331,-1
1.7258,1.4372,-1
0.23578,1.4888,1
1.3192,-0.91262,1
2.1753,2.2534,-1
1.6767,0.062891,-1
-1.3997,0.57391,1
-0.158,-0.77355,1
1.5905,1.6062,-1
0.043795,1.8737,-1
0.10195,1.4905,1
-0.30351,1.7166,-1
-0.37841,-0.083537,-1
-0.18598,2.0332,-1
0.51726,1.2149,1
-0.065131,-0.29945,1
1.7138,1.4514,-1
0.025783,-0.1673,1
2.0576,-0.13091,-1
0.12187,1.3422,1
1.7157,1.4599,-1
1.9162,-1.76,-1
1.9821,1.6334,-1
2.2263,2.4767,-1
-1.2127,0.29794,1
1.8909,-0.1821,-1
-0.63463,1.3523,1
2.2348,-0.17676,-1
0.047523,0.17052,-1
0.086169,0.2117,-1
1.8489,1.2729,-1
1.9824,0.71771,-1
-0.32294,0.47607,-1
1.2542,1.3925,1
0.57978,0.11615,1
-0.19632,0.19894,-1
2.1018,0.93364,-1
2.0532,-0.48787,-1
0.9383,2.61,1
1.9023,-0.5,-1
0.063224,1.689,-1
-1.4771,0.43685,1
1.1739,-1.1768,1
-0.022232,1.7993,-1
-0.19641,-0.19072,-1
-1.3074,1.0907,1
-0.096721,0.060856,-1
-0.34803,-0.11241,1
-0.9831,1.5007,1
-0.20895,1.9366,-1
2.3054,1.622,-1
0.050305,-0.084707,-1
2.0531,-0.23962,-1
1.5794,2.1868,-1
-0.42329,1.0078,1
-0.83482,-1.3561,1
-1.1295,0.89934,1
-0.45276,-1.1469,1
-0.042768,-0.84418,1
-0.08134,2.2707,-1
-1.8573,1.4549,1
-0.2894,-0.13056,-1
2.0734,1.8551,-1
2.0358,-1.0032,-1
0.41926,0.27629,1
-0.82357,-1.6633,1
-0.1282,1.6207,1
-0.0060515,-1.1855,1
1.7689,2.2823,-1
0.096151,0.05534,-1
0.29015,0.20756,-1
0.77234,-0.079124,1
2.1598,0.1334,-1
1.9504,-0.36265,-1
-0.27428,0.88064,1
-0.21776,1.7311,1
0.018487,2.4107,-1
1.2459,-0.5568,1
-0.86073,-1.0051,1
0.30294,1.0549,1
2.1329,0.0030791,-1
-0.62773,1.2733,1
0.87798,-0.97018,1
-1.0005,-1.4424,1
0.052414,1.9518,-1
0.093975,-0.086571,-1
-0.46737,-0.65519,1
1.937,1.0781,-1
-0.56434,-0.55104,1
1.8191,0.214,-1
-0.10264,2.0222,-1
-0.46842,-0.028864,1
-0.025456,1.7607,-1
0.84814,0.11134,1
1.7692,2.3301,-1
1.7236,1.2169,1
-0.26109,0.10349,1
0.22381,0.026081,-1
-0.13565,-0.18056,-1
-0.1569,1.9292,-1
-0.74862,0.68228,1
0.057187,1.8924,-1
2.3331,0.63928,-1
2.2847,0.85467,1
2.1872,0.52595,-1
-0.0955,2.0194,-1
-0.11201,2.0082,-1
0.37931,1.3068,1
1.9361,0.94522,-1
0.62282,1.4148,1
1.8914,0.0076437,-1
2.1634,1.164,-1
1.7188,0.16385,-1
-0.84966,0.55982,1
-0.28143,1.9382,-1
1.9694,1.1075,-1
0.068689,1.9834,-1
2.3945,-0.24063,-1
0.22866,-0.84821,1
-0.92386,-1.9564,1
2.005,1.6628,-1
1.5464,-0.46027,1
2.2423,2.6912,-1
2.0435,1.7058,-1
-0.44023,-0.52839,1
-0.039349,-0.21335,-1
-0.134,0.51158,1
0.30942,0.050504,1
0.14478,-0.20588,-1
0.45409,0.073588,-1
-1.5492,-0.097509,1
2.1216,0.14064,-1
2.4949,0.99705,-1
1.8324,1.4693,-1
1.9015,-1.5848,1
1.9104,0.32628,-1
-0.25737,-0.46552,1
-0.87474,1.5699,1
0.05551,1.824,-1
0.027599,1.8454,-1
0.50465,-0.77645,1
-0.18792,2.3515,-1
0.26187,-0.63815,1
-0.02698,-0.25561,-1
1.9403,2.761,-1
0.18784,-0.15169,1
-0.30464,0.088137,-1
-0.54587,-0.44507,1
1.831,0.4037,-1
0.015176,-0.036133,1
1.8398,1.2099,-1
-0.87637,-0.4558,1
0.9928,-1.3243,1
1.9181,1.2145,-1
0.60613,-0.77427,1
0.27123,0.70088,1
-2.6653,-1.7494,1
-0.011229,2.0794,-1
-0.18897,2.017,-1
2.5564,1.1004,1
2.189,0.61139,-1
2.0495,0.89287,-1
-0.034394,2.0405,-1
-0.0050912,2.1014,-1
-1.2392,-0.38433,1
0.43844,2.1573,-1
-0.36429,-0.74071,1
0.21628,2.0042,-1
-0.22697,1.5995,-1
1.7488,1.6638,1
2.1886,0.24618,-1
0.81769,-0.61879,1
2.1627,2.9579,-1
0.15706,2.0315,-1
0.45452,1.7158,1
0.55924,1.877,1
2.3258,2.0452,-1
1.872,2.2256,-1
1.9804,1.0326,-1
-0.76659,-0.78064,1
2.2794,0.56573,-1
-0.24551,-0.31979,1
0.026579,-1.5443,1
-0.60515,0.16365,1
-0.44437,0.1718,1
-1.5982,-0.065156,1
-0.8624,0.55076,1
-0.39882,-0.2004,1
1.9443,1.3299,-1
0.47415,-0.12734,1
1.998,2.2295,-1
0.39373,-0.3979,1
-2.2946,-0.47295,1
-0.42299,1.8419,-1
-0.39326,1.7203,1
-0.34839,-1.5077,1
1.2999,0.23608,1
1.8087,1.0838,-1
2.0341,1.6871,-1
0.14875,2.0784,-1
1.6479,0.81275,1
0.0698,0.15328,-1
-0.12631,2.0879,-1
1.6758,0.31733,1
0.30203,0.73345,1
-1.0386,-1.4043,1
0.070076,-0.018454,1
-0.049418,0.31992,-1
-0.47898,0.38905,-1
-0.032964,0.037204,-1
-0.62692,1.8608,1
0.4983,-1.4267,1
0.11953,1.9013,-1
0.1436,1.8739,1
2.0388,1.8918,-1
0.5513,0.12445,1
-0.0070061,0.8141,1
-0.45782,-0.022055,1
-1.1899,0.45699,1
-0.21812,-1.1565,1
0.15449,2.0648,-1
0.91068,-0.17939,1
0.22552,0.28264,1
2.2745,-0.5106,-1
1.1735,1.5308,1
0.53595,-0.63467,1
-0.50879,-0.19273,1
0.41141,2.1859,-1
0.98753,0.039914,1
-0.25349,2.1664,-1
-0.3846,-0.28841,-1
-0.16562,-0.048269,-1
1.0383,0.70751,1
-0.20588,-0.92234,1
-0.16775,-0.15275,-1
-0.52464,0.55618,1
-0.12111,-0.03078,-1
2.0098,2.1132,-1
-0.44135,-0.14747,-1
-1.2598,0.50513,1
-0.047821,-0.017922,1
0.71682,0.28216,1
2.2323,-0.034977,1
-0.14065,2.0673,-1
1.9204,2.0377,-1
-0.24017,-0.46351,1
-0.064949,2.3811,-1
2.0431,1.4084,-1
0.88087,0.48514,1
0.24147,0.338,1
-0.38618,-0.14648,-1
-0.10054,2.009,-1
1.472,-0.066421,-1
2.1504,-0.35864,-1
1.0624,-0.46369,1
-1.1838,2.0895,1
0.23661,0.14764,-1
1.9395,0.050322,-1
-0.38235,1.9547,-1
0.72725,1.2546,1
-0.23297,-0.018261,1
1.9897,2.7994,-1
2.0252,1.1238,-1
-0.14856,-1.8955,1
2.0384,1.6332,-1
-1.366,0.737,1
1.5066,1.1983,1
-0.011754,2.0118,-1
-0.82119,1.0246,1
-0.51868,1.973,-1
0.057628,-0.11842,-1
-0.36535,1.8199,1
0.19547,-1.3233,1
-0.23106,1.9445,-1
1.8797,0.4842,-1
-0.55468,0.098535,-1
1.8676,1.2427,-1
-0.65818,1.0797,1
-0.008132,-0.31316,-1
2.1019,1.1491,-1
0.25167,1.3524,1
0.10658,2.0639,-1
-0.064806,-0.0088765,-1
-0.31519,-0.030416,-1
0.54166,0.16324,1
-0.063375,0.029003,-1
-0.31869,-0.34534,1
1.97,1.4028,-1
0.57445,0.91129,1
-0.11824,2.0816,1
2.118,-0.2914,-1
2.0243,1.8657,-1
2.108,-1.1349,-1
2.0403,-0.20963,-1
-0.28403,1.8843,-1
2.1031,1.4298,-1
2.5019,-0.22207,1
0.28596,-1.0449,1
1.8129,1.2526,-1
0.85295,-0.16835,1
0.52994,-0.62875,1
1.6593,1.1219,1
-0.081085,2.1759,-1
0.15023,0.031459,1
2.1317,2.1191,-1
-0.82683,-0.39213,1
0.016991,-1.9227,1
-0.99718,-1.5129,1
0.19852,-0.28044,1
1.2268,0.10875,1
1.9818,1.0772,-1
1.9737,2.7117,-1
0.046283,-0.14771,-1
0.055717,0.29118,-1
1.4285,-0.37875,1
0.0761,-0.57092,1
0.90336,1.0501,1
-0.4889,-0.093602,1
-1.2026,0.90097,1
0.62382,1.0514,1
-0.021201,-0.50692,1
2.1358,0.24737,-1
0.47757,0.033795,1
1.4815,-0.89535,1
0.23186,-0.80991,1
-0.14194,2.1388,-1
2.4967,1.4108,-1
0.90933,-1.4358,1
-2.1618,0.56833,1
-0.055903,-0.0065267,-1
-1.1822,0.83763,1
2.1247,0.93245,-1
2.1079,3.6467,-1
-0.37449,-0.072325,-1
-0.68083,0.42565,-1
-0.087986,0.18245,-1
2.064,0.71928,-1
1.9823,0.0087384,-1
-0.83943,0.10434,1
1.6964,0.12537,1
0.25845,0.87113,1
-0.43021,-1.0309,1
2.0171,2.997,-1
-0.81953,1.0374,1
-0.34273,0.010955,-1
1.8926,0.78893,-1
3.0463,0.013276,1
-0.03312,0.11612,-1
-0.58852,-1.2955,1
-0.5105,-0.20139,-1
2.0581,1.5284,-1
1.8648,1.0446,-1
1.8908,-0.61904,-1
-0.99638,2.1911,1
-0.42233,1.8904,-1
0.20815,-1.4696,1
-0.25155,0.1578,-1
-0.078199,-0.06127,-1
2.0993,0.90196,-1
-1.6057,-1.1849,1
0.1347,-0.15531,-1
-0.49815,0.96761,1
1.8806,0.81759,-1
0.77867,2.1325,1
-0.38115,1.0787,1
0.0082859,-0.54163,1
-0.071437,1.954,-1
-0.43844,1.6462,-1
-0.1141,2.4183,-1
0.024929,0.66281,1
0.10993,0.85289,1
0.18354,1.4696,1
-2.1403,-1.3539,1
0.0036439,2.2394,-1
1.5768,0.24237,-1
-1.5118,-0.21847,1
2.2031,1.362,-1
1.7087,0.99802,-1
1.1068,-0.96971,1
-0.10195,1.8727,-1
-0.06964,-0.36676,-1
0.046546,2.0156,-1
0.52896,-0.72,1
0.35795,-0.55454,1
2.1121,0.32736,-1
0.82686,0.79659,1
0.20614,-0.10248,-1
0.13404,-1.2162,1
-0.019524,2.308,-1
-0.76626,0.46378,1
0.047007,1.9461,-1
-0.015586,0.20219,1
-0.67992,-1.1902,1
2.0589,2.0924,-1
2.0431,-0.17581,-1
1.7871,1.8508,-1
-0.56696,0.68394,1
-0.059725,0.089654,-1
1.9594,0.56797,-1
-0.41812,0.76719,1
2.0305,-0.20702,-1
0.27838,2.0856,-1
0.21025,1.9683,-1
1.0704,0.41105,1
-0.72033,0.7742,1
0.66936,-0.90816,1
2.2888,1.0121,-1
-0.41466,2.0619,-1
-1.7987,0.96115,1
2.0627,1.6832,-1
2.3486,0.71443,-1
-0.11105,0.46464,1
-1.0701,1.1113,1
1.3021,-1.0736,1
-0.95982,1.5669,1
-0.47103,-1.238,1
2.0429,2.2484,-1
-0.19734,0.58623,1
-0.29831,1.761,1
-0.6424,0.12185,1
-0.8642,-0.47328,1
1.9793,1.72,-1
0.31377,0.030895,1
0.55785,-0.20764,1
-2.368,-0.62952,1
-1.3895,1.8337,1
0.20947,2.0977,-1
-0.3614,2.1655,1
2.1738,1.5429,-1
0.21748,0.7058,1
0.38162,-2.7491,1
0.94721,1.5391,1
-0.58021,0.39196,1
-0.14922,-0.12829,-1
2.0018,1.9096,-1
-0.94861,-0.051169,1
-1.6594,-0.094747,1
-0.65893,-0.93961,1
-0.057319,2.1487,-1
1.8015,1.8805,-1
-0.57977,-0.91744,1
1.9071,-0.23739,-1
1.0382,1.1182,1
1.9026,0.78738,-1
-0.19162,0.83667,1
-0.11202,1.2154,1
1.7217,0.29919,-1
-0.54311,-0.99236,1
0.0023745,2.0503,-1
0.016131,2.03,-1
0.17018,0.37888,1
-0.59684,-0.18241,1
1.8169,0.80222,1
2.1324,0.20544,-1
0.06025,-0.11191,-1
0.82451,1.16,1
0.29447,-0.51193,1
0.045201,0.11155,-1
-3.1326,1.3573,1
-1.5099,-1.5892,1
2.4746,-0.0029536,1
0.078019,0.37582,1
-0.044671,-0.1892,-1
0.034408,0.33528,-1
1.8888,2.069,-1
-0.56178,0.17009,-1
0.048968,0.38954,-1
0.043854,1.7977,-1
0.86897,0.54293,1
1.851,0.24078,-1
1.6629,0.65052,-1
1.833,2.3159,-1
2.1223,1.4419,-1
-0.21239,0.036607,-1
0.80095,-0.8118,1
0.19452,-0.19014,-1
1.8441,1.1101,-1
-0.039243,-1.831,1
-0.17385,-0.19536,-1
0.037681,0.32078,-1
1.7693,1.3888,-1
0.088641,2.1495,-1
-1.4567,-0.0019845,1
-1.1709,-0.29797,1
1.9498,0.98675,-1
-1.648,-0.87836,1
1.8227,2.2316,-1
2.2638,0.087382,-1
0.40599,-0.012775,-1
-0.31574,1.5399,1
0.29871,-0.93146,1
1.724,1.3465,-1
2.0559,2.3579,-1
2.6393,-0.71429,1
-0.057794,-0.27619,1
0.30818,0.86182,1
0.74774,-1.066,1
-0.42173,1.6068,1
-0.29189,-1.1302,1
-0.14702,1.8646,-1
2.0385,1.6604,-1
-0.10168,-0.38168,-1
2.3091,-1.3292,1
1.95,-0.5478,1
0.052294,0.14884,-1
-0.43565,0.4579,1
-0.33945,-0.23004,1
-0.77974,-0.49552,1
0.081915,0.34347,1
-0.26945,0.023742,-1
-0.54608,-1.619,1
0.12542,2.1653,-1
0.14762,1.5998,-1
2.4774,-0.56528,1
0.3753,0.2398,1
-0.11443,2.0549,-1
0.07011,2.2441,-1
-0.10742,1.9155,-1
-0.13639,0.25738,1
0.033424,-0.058721,-1
0.12537,-0.16588,-1
2.1748,0.93188,-1
0.078484,-0.87538,1
-0.45324,1.9634,-1
-1.3135,-0.71974,1
-0.25383,1.5503,1
2.114,1.4178,-1
2.0406,1.2644,-1
1.8484,2.1549,-1
2.0683,0.26276,-1
0.16389,-0.86264,1
-0.02099,2.1885,-1
0.89034,-1.2697,1
0.36739,-2.0308,1
-1.3918,0.79183,1
-0.74159,0.55015,1
0.19551,0.47847,1
-0.29028,-0.93702,1
-0.17598,0.25165,-1
-0.30983,1.8868,1
1.9969,1.2022,-1
-0.26538,-0.58396,1
-0.75715,-0.17135,1
0.33598,0.0068845,1
-0.27002,-0.092369,-1
0.21028,-0.16313,-1
-0.45107,-2.1447,1
1.372,0.0081194,1
-0.43684,-0.17149,1
0.38376,0.86189,1
1.6328,1.4456,-1
-0.030172,-0.028256,-1
0.046779,0.39871,-1
-2.2158,1.2386,1
2.1515,2.4207,-1
1.7057,-0.28986,-1
1.9617,1.8367,-1
-0.31424,1.9276,-1
0.089018,0.051635,-1
1.3485,-1.0307,1
-1.0713,-1.0417,1
-1.4117,-0.22699,1
-0.415,0.83417,1
2.5027,1.1024,-1
-1.313,0.097853,1
0.11115,2.441,-1
0.20929,2.2515,-1
2.241,0.14432,-1
-0.32829,-1.0285,1
0.96918,1.293,1
-0.12255,-0.050752,-1
-0.30763,0.53521,1
0.0085847,2.3049,-1
1.5519,-0.52211,1
1.6149,-0.48295,-1
0.27244,-0.53572,1
-1.1533,0.38881,1
0.093572,2.0661,-1
1.7795,0.41963,-1
2.1703,1.0079,-1
2.3346,0.2665,-1
0.87658,1.2534,1
2.1961,2.2398,-1
-2.1609,0.76741,1
1.9863,2.2332,-1
-1.7116,-0.043225,1
0.96127,0.61148,1
1.8416,0.646,1
-0.2323,-2.0967,1
2.1903,-0.60653,-1
2.2848,0.48662,-1
1.1791,-0.57509,1
-0.1461,2.2388,-1
0.82923,0.052888,1
-0.4151,1.7157,-1
1.989,0.84241,-1
-0.52499,0.23945,1
2.2387,1.0502,-1
0.071595,-0.40921,-1
2.0506,0.92789,-1
0.16191,-0.46595,1
-0.76901,1.3076,1
0.68026,0.73905,1
-0.33442,1.6181,1
0.050029,0.095351,-1
-0.79168,-0.98393,1
2.1098,0.53503,-1
0.22638,2.0503,-1
-0.050713,-0.078592,-1
-0.2872,2.1689,-1
0.24635,1.8967,-1
2.0306,3.0342,-1
-2.3267,-0.47966,1
1.9479,-0.37862,-1
-1.5345,-0.94656,1
0.81492,-0.27367,1
-0.58959,-0.615,1
1.9887,0.18067,-1
-1.4261,-0.40188,1
1.0226,-0.071173,1
0.085709,0.019454,-1
2.0345,0.049876,-1
-0.14037,0.68801,1
1.8469,2.4321,-1
0.012778,1.9092,-1
0.77175,0.19473,1
2.1273,-0.23704,-1
0.45003,-0.5298,1
1.1103,1.441,1
-0.21372,0.52855,1
0.0015064,1.1409,1
-0.079824,1.8535,-1
1.953,-1.1475,-1
0.27295,0.3158,-1
0.014402,2.4365,-1
0.4174,-0.13598,1
1.5286,-0.57056,1
-0.14674,-0.95059,1
0.31736,0.079429,-1
1.8917,-0.39444,-1
-1.5959,2.2831,1
0.96681,-0.65612,1
-0.52899,0.098482,1
0.51063,-0.40185,1
0.062602,0.37051,1
-0.302,0.8805,1
-0.049417,1.9109,-1
-0.032665,1.8837,-1
0.53891,-1.0091,1
2.0922,2.2436,-1
1.2878,0.6755,1
-0.0042811,-0.013552,-1
2.2568,-0.72295,1
2.0163,1.9141,-1
2.1068,4.0578,-1
0.1259,1.9213,-1
0.46864,0.92942,1
-0.14373,-0.054228,1
0.16761,1.8627,-1
-0.18095,-0.0084717,-1
2.3444,2.392,-1
1.9274,1.0963,-1
2.052,1.9358,-1
2.7049,1.7885,1
1.813,3.0345,-1
0.15027,0.16038,-1
0.37463,1.9863,-1
0.1023,0.047849,-1
0.22007,1.039,1
1.9565,0.85857,-1
-0.43599,-0.72116,1
2.445,1.7361,-1
-0.97103,-0.38029,1
1.5224,1.1798,1
-0.62953,-0.27922,1
0.61264,0.72656,1
2.0193,1.2451,-1
-0.86539,-0.67996,1
-0.45578,-0.032286,1
0.053391,-0.077313,1
0.028707,2.0221,-1
1.9896,0.78586,-1
0.12494,0.14005,-1
-0.22475,-2.6197,1
0.14002,0.41263,1
1.697,-0.46023,1
1.5291,1.5541,-1
-0.14335,1.1617,1
1.8734,0.79471,-1
0.98391,0.11984,1
0.055128,1.8611,-1
0.011693,2.1031,-1
0.94322,1.7079,1
0.2415,-0.91893,1
0.24536,-1.3562,1
1.7169,-0.92534,-1
-1.7065,-1.5821,1
-0.068308,1.2332,1
1.0876,0.33454,1
-0.047903,-0.013627,-1
1.343,0.66801,1
0.55171,0.39081,1
2.3551,0.48984,-1
0.052004,0.20374,-1
1.188,-3.6399,1
0.36695,0.8551,1
-0.0035056,1.1599,1
-1.6266,1.1396,1
2.0848,-0.31562,-1
2.0907,0.30192,-1
2.0646,-0.47652,-1
0.041249,0.76953,1
0.45784,-1.8364,1
-0.02808,2.1802,-1
0.22909,1.7281,-1
-0.65945,1.5993,1
0.36822,0.32708,1
0.23623,-0.82788,1
0.079067,2.1627,-1
1.8098,0.21961,-1
0.07852,0.04722,-1
-0.58738,-0.15041,1
0.25924,0.17005,-1
2.3119,2.2005,-1
0.8514,0.0078609,1
-0.83021,-1.9983,1
0.015026,-0.82359,1
1.8153,0.30507,-1
2.2454,1.7635,-1
-0.099055,0.1539,1
2.0336,-0.3339,-1
1.736,0.3905,-1
1.5395,0.86316,1
-0.25567,-0.63832,1
1.6004,2.4517,-1
0.22251,2.0494,-1
-0.89742,0.62622,1
-0.63934,-0.035458,1
-0.15188,0.17192,-1
1.8824,0.76,-1
-0.044379,-0.46421,1
-0.028176,-0.2445,-1
0.10432,-0.17356,-1
-0.53714,-0.21107,1
-1.3337,0.37033,1
-0.91681,0.60136,1
2.1678,0.71562,-1
-0.13878,-1.4884,1
0.17643,0.045336,-1
-0.821,0.89369,1
-0.11497,-0.29642,-1
1.2017,1.0373,1
-0.51293,0.48972,1
-0.84561,0.31542,1
0.91341,1.8379,1
1.6413,0.43101,1
-0.0038469,1.9443,-1
-0.041295,0.088752,-1
-0.17063,1.43,1
1.7256,-0.12294,1
-1.4244,0.33167,1
1.7953,1.2914,-1
-0.4759,0.36317,1
-1.071,0.52222,1
0.96424,-0.52519,1
-0.74961,0.52693,1
1.9686,1.3024,-1
-0.014589,-1.0592,1
-0.066027,0.24451,-1
2.2988,2.0224,-1
0.08006,0.087118,-1
0.28984,-0.52127,1
2.2301,1.6854,-1
0.24607,1.921,-1
0.13827,-0.86196,1
0.089795,2.0383,-1
0.14552,2.1788,-1
-0.10187,2.3898,-1
1.8906,3.3502,-1
0.67859,-0.36525,1
-0.24468,1.5108,1
1.9924,1.2689,-1
-0.22299,2.0648,-1
-0.07134,2.3063,-1
1.9481,3.268,-1
-0.15556,1.5878,-1
-0.0039291,0.70395,1
-0.52877,1.6282,1
2.2744,1.0081,-1
-0.02494,1.819,-1
2.0364,0.86338,-1
-0.23171,1.9996,-1
-0.18634,-0.055813,-1
0.036087,1.5446,1
-0.29328,0.13627,1
-1.5511,-0.063357,1
1.6753,0.8457,1
-1.0072,-0.066662,1
-0.068569,-0.40316,1
1.2049,-0.85568,1
2.0328,0.13736,-1
1.8989,1.2039,1
-0.72984,-0.97974,1
2.0484,1.8783,-1
-1.5686,0.35892,1
-0.85534,0.61989,1
0.027314,0.063498,-1
2.0681,-0.30633,-1
-0.27558,0.55949,1
0.11297,-0.066476,-1
2.058,-0.11553,-1
0.80422,0.80432,1
1.7787,0.12499,1
1.8089,-1.6853,-1
-1.4358,0.39494,1
0.012943,2.1479,-1
-0.97443,-0.18176,1
-0.27033,0.21303,-1
0.0096137,-0.045976,-1
1.8971,0.94665,-1
1.9311,1.0329,-1
2.1986,-0.32427,-1
0.12336,-0.05232,1
-1.5441,-0.78355,1
-0.39328,0.19597,1
2.0639,1.8132,-1
2.2267,0.44347,-1
0.72943,-1.0213,1
1.827,1.949,-1
-0.10168,0.35147,-1
-0.16295,-0.040286,1
1.8732,1.6267,-1
0.12884,0.083361,-1
-0.75424,-0.32181,1
-0.23906,2.244,-1
-0.27373,2.2724,-1
-0.42902,1.6481,-1
0.065064,2.3436,-1
0.47543,0.25314,1
0.10929,2.0765,-1
-0.11923,0.049788,-1
2.1165,-0.41433,-1
0.2379,-1.8313,1
0.34131,-0.73724,1
0.77308,-0.50431,1
-0.22787,-0.042079,1
1.8253,1.7165,-1
0.13528,0.079701,-1
-0.29954,0.23702,-1
0.1726,0.040968,1
-1.107,0.14484,1
1.8251,2.5699,-1
0.28465,0.090593,1
-0.32131,0.16794,-1
-0.47788,0.39611,1
1.9911,1.9122,-1
-0.12658,1.8643,-1
-0.40864,2.0417,1
-1.431,0.45139,1
-1.2221,-0.71614,1
-0.53127,0.14353,-1
0.10838,2.2669,-1
0.13209,-0.72045,1
-1.1132,0.82905,1
-0.47297,1.4443,1
-0.010194,-0.25412,-1
0.43174,1.1392,1
-0.033972,1.7185,-1
1.9183,1.0889,-1
0.31769,0.1911,-1
1.9993,1.5223,-1
0.1737,2.0913,-1
-0.79574,-1.1204,1
1.8846,-0.25771,1
0.99983,0.15248,1
1.8852,1.9044,-1
-1.1304,-1.1261,1
-0.1387,2.0241,-1
-2.734,-0.29645,1
1.9917,1.8452,-1
-0.63406,0.6267,1
0.16323,1.8816,-1
-0.71289,0.051828,1
0.18521,-0.43055,1
0.086962,-0.22368,-1
-0.040184,0.39515,1
1.9612,1.5513,-1
0.06163,2.0373,-1
1.7774,1.8291,-1
-1.1805,-1.3239,1
0.27855,-0.22734,1
-1.5671,-0.32638,1
-2.2438,0.15735,1
0.20446,-0.32262,-1
-0.076041,-0.012246,-1
-1.7775,-0.19635,1
0.0086478,0.072386,-1
-0.35984,-0.13297,-1
0.53631,-1.8724,1
1.9249,1.9239,-1
1.8386,0.76576,-1
2.1015,0.26013,-1
-0.1438,1.942,-1
-0.41978,0.023745,-1
0.12897,-0.23628,-1
-0.29212,2.0795,-1
-0.26231,1.4603,1
-0.88489,1.2641,1
-0.094775,0.48311,1
-0.78624,-0.49352,1
1.9284,0.050582,-1
0.013469,-0.23971,-1
-0.24165,2.0235,-1
0.019248,0.41584,-1
-0.025687,1.4824,1
0.07631,-0.086937,-1
1.8218,2.1639,-1
-0.079831,1.9845,-1
2.0144,2.1788,-1
0.016422,0.24942,-1
2.0164,0.2512,-1
-0.029385,2.1153,-1
-0.29482,2.2204,-1
2.4834,0.41077,1
2.0757,-0.9796,-1
0.58144,0.64784,1
1.8596,1.3952,-1
1.8369,-0.69686,1
-2.0598,0.44648,1
1.8775,2.1259,-1
-1.6301,1.6046,1
0.33801,0.23281,1
2.3281,-0.82443,-1
-1.4228,0.92668,1
-0.041004,2.0463,-1
-0.35892,-0.32089,1
1.9557,1.9169,-1
1.2125,-2.1991,1
-0.19436,1.7489,-1
0.39847,0.49087,1
-0.010748,1.6159,-1
2.0451,1.2826,-1
-0.10744,-0.41176,1
0.42241,-1.0436,1
1.475,-0.75086,-1
-0.93673,0.46664,1
0.0097549,0.12956,-1
-0.54911,-1.7942,1
-1.4873,-1.5779,1
-0.11758,2.2364,-1
-0.33555,0.093019,-1
-0.95936,-1.1443,1
-0.017502,1.9604,-1
0.0023129,-0.18612,1
0.10045,-0.34187,-1
-0.22849,0.27457,-1
1.6665,0.81174,-1
1.7365,1.4258,-1
-1.8162,1.0906,1
1.7944,2.0738,-1
-0.82409,0.7581,1
-1.88,0.86862,1
1.8673,0.76974,-1
-0.6743,-0.29597,1
-0.44489,0.36855,1
0.30733,0.096109,-1
1.7893,1.374,-1
-0.061938,2.1652,-1
0.14071,2.1125,-1
0.16665,1.7539,-1
0.10045,2.0651,-1
-0.72679,1.6742,1
2.6119,0.31992,1
-0.089872,-0.25338,-1
-1.8404,-1.3063,1
2.0732,0.45185,-1
0.029951,-0.13069,-1
0.19201,2.1846,-1
-0.96648,-0.24799,1
0.17252,2.213,-1
-0.66444,-0.067096,1
1.8488,0.61972,-1
-0.11611,2.0708,-1
2.0581,-0.62005,-1
2.0686,-0.39925,1
2.1391,1.9977,-1
0.085739,2.0591,-1
-0.012301,2.3622,-1
-0.21565,2.3445,-1
2.1724,1.3856,-1
-0.22301,-1.7901,1
-0.054301,-0.10603,1
-0.13047,0.099074,-1
0.65693,0.95202,1
2.0217,1.3026,-1
1.7786,1.1448,-1
0.50941,0.14913,1
-1.1463,-0.61002,1
0.045093,1.7012,-1
1.528,0.8368,1
-1.0336,-0.31904,1
0.77057,-0.50866,1
2.1184,1.4681,-1
1.7949,0.25815,1
2.2379,-0.41464,1
0.27415,-0.061622,-1
-1.7197,-0.62878,1
2.372,-0.078096,-1
-0.019741,-0.10229,-1
2.0015,0.94946,-1
-0.24938,1.973,-1
0.074977,0.19585,1
-0.007519,1.5656,1
2.3947,-0.80651,-1
-0.78325,-0.49235,1
2.048,1.3521,-1
0.063353,2.4329,1
-1.8953,2.5883,1
0.72788,0.50516,1
0.024892,-0.2118,-1
0.60264,0.58846,1
0.52499,0.4531,1
-0.049086,2.2084,-1
-1.0607,1.3783,1
0.052226,0.019631,-1
-1.1648,-1.5624,1
-0.99907,0.22882,1
-1.9816,-0.99967,1
-0.29262,-0.19354,1
-0.97837,-1.8953,1
-0.77236,-1.3458,1
1.7211,2.2666,-1
1.743,1.0224,-1
-0.018115,0.044967,1
0.57428,-1.0916,1
-0.82758,0.18625,1
1.9508,2.8633,-1
0.98542,-0.35093,1
-0.6933,-0.3854,1
0.53414,3.0578,1
1.9857,1.1739,-1
-0.13007,2.1692,-1
-0.87215,-0.59993,1
-1.0292,-0.065917,1
-0.071567,0.17767,-1
1.8201,1.4019,-1
0.078931,0.52536,1
2.1314,1.952,-1
-0.12607,2.2134,-1
0.07552,0.23072,-1
-0.016702,0.007634,-1
1.8777,0.16492,-1
2.2376,-2.6399,-1
0.83803,1.05,1
-0.27726,0.63181,1
0.16346,-0.08938,-1
-0.13213,-0.13915,-1
2.4263,0.92387,-1
2.363,-0.01391,-1
1.4009,1.0459,1
-0.13068,1.9393,-1
1.7443,1.9258,-1
1.2546,-1.1184,1
-0.48867,-1.5,1
-0.050222,0.87126,1
1.8741,-0.19051,-1
0.18113,2.5944,-1
0.29702,0.28525,-1
1.8263,2.0033,-1
-0.12445,-0.77531,1
-0.17679,2.256,-1
0.18853,0.17077,1
-0.030842,2.3517,-1
0.34229,2.2399,-1
1.9155,0.56501,-1
0.42279,-0.27177,1
2.3047,1.6492,-1
2.0037,1.5687,-1
-0.40898,-0.84701,1
0.36263,-0.74755,1
1.8895,-0.20207,-1
1.604,1.2034,-1
2.0161,1.9152,-1
0.63472,0.86942,1
-0.9285,-0.84436,1
-0.39214,0.18195,1
-0.23743,-0.42909,1
1.7812,1.3403,-1
0.23187,-0.019662,-1
2.1428,2.0955,-1
0.19587,0.54262,1
-0.22902,2.0392,-1
1.6898,0.93664,-1
2.292,0.31624,-1
-0.21109,2.0021,-1
-0.72427,-0.28235,1
0.094029,-0.87793,1
2.1475,1.8889,-1
-0.25266,0.23647,-1
-0.88986,-0.4692,1
2.1414,1.3043,-1
2.0843,0.70515,-1
2.2582,0.94234,-1
0.36357,-0.81063,1
-0.33154,-0.47735,1
-0.36593,1.8815,-1
-0.97603,-0.6234,1
0.84204,0.93352,1
2.3745,-0.14957,1
1.2242,-1.1755,1
0.57707,-0.35159,1
0.19855,-0.27921,1
2.0025,2.5735,-1
0.38975,-0.077983,1
-0.47092,-0.70522,1
-0.11144,2.0403,-1
2.3579,1.4619,-1
1.389,-1.7613,1
-1.0052,0.58099,1
2.0343,1.033,-1
-0.5106,-0.42393,1
1.9703,-0.89548,-1
0.087542,2.1705,1
0.22221,0.021424,-1
-1.4214,0.45993,1
2.3087,0.32251,-1
1.9216,1.182,-1
-2.7828,-0.42933,1
-0.18364,2.0118,-1
-0.13808,1.6435,-1
2.0345,1.041,-1
1.5713,0.77298,-1
-0.057035,-0.19554,-1
0.49021,0.733,1
-0.76226,-1.2716,1
1.6743,2.7462,-1
-0.78151,1.3887,1
0.055665,2.0878,-1
2.2342,0.99036,-1
0.5811,1.5138,1
-0.2056,-0.042285,-1
0.16667,-0.83621,1
0.65708,-0.52951,1
0.28384,-0.13439,-1
0.95014,0.76858,1
-1.9255,-1.4829,1
-0.034855,-0.13635,-1
-0.058329,-0.16675,1
1.6685,1.8562,-1
-1.0746,0.94431,1
2.2165,-0.73978,-1
-0.29626,0.20335,1
0.22203,0.049013,-1
2.1246,2.4148,-1
-1.2055,1.6667,1
0.18353,-0.019898,-1
0.42638,-0.4872,1
0.14904,0.055053,-1
-0.62801,-0.50631,1
-1.0233,0.29136,1
0.68291,0.66557,1
2.4485,1.6577,-1
0.29827,-1.4313,1
0.34764,1.3523,1
-0.23216,1.9779,-1
1.7309,1.2805,-1
0.27669,1.878,-1
0.70126,-0.39429,1
0.31953,-0.82134,1
-0.22901,0.64486,1
2.2043,1.6618,-1
2.0835,1.9287,-1
-0.23576,0.024725,-1
-0.16669,2.005,-1
1.6876,2.0624,-1
-1.376,-0.21779,1
0.99559,-1.8253,1
0.076658,2.0025,-1
-1.5324,1.0695,1
1.4601,-0.68376,1
-0.17477,-0.16299,-1
-1.1877,-0.073965,1
-0.37559,0.92388,1
-0.16343,-0.59029,1
2.2723,0.10164,-1
1.987,1.3234,-1
1.8122,1.007,-1
1.8809,0.98292,1
0.54879,-0.46497,1
0.12056,1.075,1
-0.12115,-0.27073,-1
0.73772,-1.6691,1
-0.19015,1.8452,-1
0.24891,-0.37221,1
1.7751,0.88939,-1
-2.0875,0.53316,1
0.061833,1.839,-1
-0.14501,1.9816,-1
-0.30247,-0.55697,1
1.8405,1.5044,-1
-0.49859,0.73708,1
1.8057,0.95514,-1
-0.19299,0.019947,-1
-0.21869,-0.20152,-1
0.15252,-1.207,1
2.0766,1.0995,-1
0.80872,0.27794,1
-0.013233,1.8793,-1
-1.1178,-1.3836,1
2.1044,0.71423,-1
2.1433,2.7348,-1
-0.067284,-0.02699,-1
-0.0094731,0.18147,1
0.10164,-0.035762,-1
2.0951,0.68859,-1
-0.48498,-0.13301,1
1.527,0.51979,1
-0.8006,-0.035527,1
-0.16793,-0.82267,1
2.154,2.0506,-1
0.30804,0.077545,1
1.2506,-1.2206,1
0.20381,2.0119,-1
2.0283,0.49914,-1
0.019275,0.82635,1
-0.14644,1.0866,1
0.054594,1.9663,-1
1.777,0.71562,-1
-0.21988,2.0703,-1
2.2702,1.6754,-1
0.034952,-0.77442,1
1.1649,-0.37415,1
-0.33701,-0.20286,-1
0.1485,2.0675,-1
0.59634,-2.4567,1
-0.19462,1.7908,-1
0.58422,0.47257,1
1.7529,0.12783,-1
0.14458,0.01116,-1
2.1617,1.2779,-1
0.15031,1.6863,-1
0.77274,0.44383,1
1.6897,1.3419,-1
-0.98558,0.85151,1
1.6429,1.6786,-1
-0.45543,-0.56311,1
1.8976,1.1911,-1
-0.027143,-0.19588,1
2.0304,1.5071,-1
2.0477,0.19033,-1
-0.42587,2.0151,-1
1.8462,2.3076,-1
2.1692,1.4432,-1
1.2759,1.8267,1
-0.76775,-0.014609,1
-0.51118,-0.23241,-1
1.3421,1.5173,1
-0.17483,1.7205,-1
1.8154,0.71143,-1
0.059868,0.53633,-1
1.8054,1.2614,-1
1.8445,1.4604,-1
-0.21395,1.9944,-1
-0.84975,-0.13393,1
1.9215,0.9102,-1
0.20181,0.057691,-1
-0.45955,1.1622,1
0.065949,-0.11121,1
0.35797,-0.23952,1
1.1026,0.55532,1
0.85957,2.8072,1
-0.19033,1.1582,1
-0.2868,1.0224,1
0.38701,1.8433,-1
1.9793,1.5654,-1
2.26,1.2361,-1
1.9732,1.5116,-1
-0.35786,-0.39988,-1
-0.14154,0.17568,1
-0.66326,-0.23026,1
-0.1583,0.7599,1
0.57137,0.95036,1
-0.16272,-0.099772,-1
0.15279,2.0342,1
1.8067,0.75201,-1
0.18308,-0.23168,-1
-1.6036,-1.1034,1
2.0114,2.6629,-1
-2.4551,0.28138,1
2.1295,2.7753,-1
0.11057,-0.9436,1
-0.54423,0.64905,1
0.14242,1.284,-1
-1.0818,0.57045,1
0.30449,0.31517,1
-2.2998,-0.88733,1
2.0752,0.27054,-1
-0.94801,0.67354,1
1.0077,1.2753,1
-1.5632,-0.73309,1
0.16755,0.11819,-1
-1.0576,-1.7675,1
-0.6447,0.84833,1
-0.13784,1.1383,1
2.2165,0.91166,-1
1.979,1.2722,-1
2.3451,0.87706,-1
0.37619,-0.72946,1
0.43822,-1.033,1
2.3747,2.8897,-1
0.79634,0.43842,1
-0.14255,-0.30778,-1
1.7362,0.78754,-1
-0.00038828,-0.061937,-1
1.1766,1.176,1
2.2041,0.080094,-1
0.30897,-0.63614,1
-0.0058841,1.6257,-1
2.231,3.4429,-1
0.039414,0.14299,1
2.6887,0.526,1
-0.17838,1.6402,-1
1.7472,0.72463,-1
2.0226,-0.49081,-1
2.0257,2.6617,-1
-0.41963,-0.45416,1
0.64639,0.71676,1
2.3398,0.58658,-1
-0.20202,2.1875,-1
-3.2919,-1.2224,1
1.3711,0.5087,1
-1.9396,-0.10122,1
-0.046014,0.39917,1
-0.10809,1.7407,-1
0.39273,-1.4522,1
-0.43303,1.0989,1
1.9067,2.9391,-1
-2.6495,-0.81831,1
0.43233,0.53859,1
-0.91014,-1.5928,1
1.8694,0.40154,-1
0.70593,-0.19739,1
-0.23379,1.6693,-1
0.20949,0.027736,1
0.029091,1.6311,-1
0.22661,1.6194,1
-1.026,-0.21268,1
1.7808,0.037515,-1
2.0212,1.0272,-1
-0.084286,1.9206,-1
-0.13175,0.174,-1
0.23983,-0.34275,-1
1.8597,1.207,-1
-0.3011,2.162,-1
-0.093236,2.2082,-1
-1.1557,1.2823,1
1.7556,0.28386,-1
2.2227,2.7507,-1
-0.12667,1.9078,-1
-0.80102,0.21584,1
1.717,0.20304,-1
0.35015,-0.79806,1
1.3853,0.57438,1
-0.24681,-0.13834,-1
1.8985,1.2846,-1
0.34334,1.8938,-1
-0.029079,2.0346,-1
-0.20502,1.1635,1
-0.66042,0.7602,1
0.073954,2.1004,-1
0.019324,0.060361,-1
1.6404,-1.8244,1
0.20142,-1.2096,1
-0.16217,-0.73466,1
2.2456,0.21286,1
2.8542,2.3755,1
0.10988,0.2005,-1
2.3607,1.3448,-1
-0.0087158,0.12053,-1
0.070731,1.7199,-1
-1.095,-1.2824,1
0.083426,2.2363,-1
-0.15835,0.14661,-1
-0.21002,1.0656,1
-0.81455,-1.9613,1
0.25289,-1.019,1
0.072865,1.7823,-1
-0.16234,-0.31791,1
1.062,0.95446,1
-0.13496,1.9147,-1
0.36548,-0.12213,-1
-0.25748,0.37377,1
-0.44934,-0.13452,1
2.4235,2.5789,-1
0.33333,-0.59594,1
0.29541,-0.84727,1
1.9914,0.15582,-1
2.037,2.2741,-1
-0.13778,1.8542,-1
1.9644,0.64524,-1
-1.2484,1.1628,1
0.13345,-0.17602,-1
-0.18287,-0.85423,1
2.0262,1.3539,-1
1.3817,-0.93226,1
1.7469,0.33677,-1
0.54663,-0.23501,1
1.9508,1.3604,1
1.2823,-1.5357,1
-0.89073,1.5808,1
1.6874,0.26691,-1
-0.14519,0.013074,1
0.23994,0.54216,-1
0.96488,0.40379,1
0.77755,0.27243,1
-0.7794,0.11007,1
-1.2678,-0.089354,1
-0.14168,1.8948,-1
0.77508,-0.7993,1
0.37818,0.64273,1
-0.59016,0.32389,1
0.098706,2.0584,-1
2.0296,0.7498,-1
0.12669,0.79695,1
0.76222,0.16473,1
-1.1305,-0.91763,1
0.042654,2.0963,-1
-1.6942,-0.1131,1
0.2891,-1.6773,1
0.006198,0.066895,-1
-1.2952,-0.45327,1
1.753,0.1865,-1
-1.9015,1.4133,1
0.55906,1.178,1
1.9374,0.23524,-1
-0.17781,-0.21148,1
0.3497,2.7655,1
-0.14375,-0.31442,-1
0.12823,-0.2606,-1
0.074991,1.9706,-1
0.79536,0.15889,1
-0.054966,0.41122,1
0.22339,2.0025,-1
-1.395,-0.30406,1
1.7721,-0.50607,-1
1.9399,2.6754,-1
-0.52474,0.67797,1
1.8332,1.6644,-1
0.76043,-0.33641,1
0.25469,-0.012903,-1
-0.0011985,1.7262,1
0.39158,-0.18358,1
1.7314,-0.13788,-1
0.7636,0.64705,1
0.24745,-0.032748,1
-1.9785,0.2447,1
-0.41216,0.12269,-1
0.68277,0.88266,1
-0.28271,1.9224,-1
-0.13266,0.26005,-1
0.12775,0.2235,-1
0.79856,-0.74872,1
1.8207,0.74067,-1
-0.26809,1.7453,1
-0.55473,-0.042957,-1
1.6285,2.4549,-1
-0.054052,-0.34266,1
0.044525,-0.24624,-1
-0.10506,0.27218,1
0.15076,-0.53971,1
-0.83486,1.3159,1
-0.25697,-0.33377,-1
1.8205,0.20484,-1
1.9523,3.0906,-1
2.116,1.1161,-1
0.31095,0.35432,1
0.88944,-0.37937,1
-0.80318,-1.2582,1
-1.0971,0.46005,1
-0.97162,-0.87559,1
2.1687,1.1634,-1
-0.33586,1.7353,-1
-0.37917,-0.029413,-1
-2.1727,0.90581,1
2.1676,0.57578,-1
0.17731,-0.78523,1
-1.1525,-0.80584,1
1.9007,0.48657,-1
0.36579,-0.54815,1
2.0104,-0.41797,1
2.2347,3.032,-1
-0.57678,-0.6798,1
0.12532,1.861,-1
1.8106,0.18795,1
0.012631,0.18091,-1
-0.76833,0.29291,1
0.32295,-1.4765,1
0.41389,0.057891,1
-0.57943,1.0221,1
-0.078778,0.21644,-1
2.0416,0.77322,-1
-0.09095,-0.52349,1
-0.11313,1.9725,-1
-0.37674,-0.004694,-1
0.23949,0.65881,1
1.6226,0.71612,-1
1.0982,-0.36964,1
2.2737,1.044,-1
-0.69776,0.26592,1
2.2021,1.2757,-1
1.007,-0.65796,1
0.18535,1.958,-1
0.19006,1.9868,-1
1.9551,-1.6197,-1
0.84025,-1.5009,1
-0.40176,-1.8058,1
1.004,-0.37619,1
-0.56503,1.0262,1
-1.0281,-2.1061,1
2.1027,0.84851,-1
-0.11997,1.9075,1
0.94441,-0.81003,1
2.053,-0.14198,-1
1.8971,0.91248,-1
0.20955,0.43579,-1
-0.19462,-0.36628,1
0.24318,1.9598,-1
0.076002,1.969,-1
1.5956,1.1794,-1
0.10733,0.079242,-1
0.58239,-1.4143,1
0.8023,0.98794,1
1.9418,1.0261,-1
-0.86839,-0.61264,1
-0.22636,0.66805,1
2.2719,1.7404,1
0.023829,0.092363,-1
0.82136,-1.8876,1
-0.028953,1.7771,1
0.32943,1.1397,1
0.078958,-0.54853,-1
0.54401,-1.0036,1
2.0419,1.6296,-1
-0.12321,0.89364,1
-0.35156,1.3099,1
1.9707,0.049412,-1
2.0051,0.80539,-1
0.75069,0.21543,1
1.5017,-0.25097,-1
1.4817,0.31157,1
-0.99144,0.83272,1
-4.43e-05,-0.047782,1
1.6843,1.4209,-1
0.58513,-0.44975,1
-1.8728,-0.15067,1
0.09474,-0.28153,1
-0.034161,0.016496,-1
-0.12522,-0.2748,-1
-0.048846,1.1757,1
-0.28116,2.1122,-1
0.071822,0.53301,1
1.9602,-0.28096,-1
-1.4351,-0.097268,1
-0.34962,-0.92569,1
-0.89935,0.40188,1
0.15703,-1.579,1
1.8237,0.33678,-1
0.12091,0.18256,1
0.29296,-0.077115,-1
-1.6855,-0.34948,1
0.099816,-0.83687,1
-0.14325,-0.29683,1
-0.10047,0.026451,-1
2.015,1.0214,-1
-1.1725,-0.58919,1
0.57542,0.15694,-1
1.9572,0.33548,-1
-0.039964,-0.37727,-1
-0.044811,-0.39202,1
0.22825,-0.86254,1
-0.2078,-0.20661,-1
0.10181,-0.09821,-1
-0.65417,0.79433,1
2.1361,1.1669,-1
-0.01069,0.97045,1
-0.56669,-1.1065,1
-0.24874,2.22,-1
2.3112,1.3357,-1
2.4951,2.0134,-1
-0.1146,0.054495,-1
0.47806,-0.32457,1
-0.64397,-2.5203,1
-0.18409,0.063488,-1
0.57208,-1.2851,1
2.1143,1.5023,-1
0.45397,-1.0634,1
1.7929,3.2577,-1
0.043495,-0.15241,-1
-0.0073837,-0.014751,-1
0.83447,0.33336,1
0.24802,0.31499,1
0.13107,2.0637,-1
2.1338,-0.28558,-1
-1.7644,-0.065296,1
-0.96143,0.097707,1
-0.42027,0.66248,1
1.4466,-1.3343,1
-0.42056,0.46024,1
-0.21721,0.38653,-1
0.49086,1.3752,1
0.2633,0.74676,1
2.1909,1.9541,-1
0.15054,1.7232,-1
0.0060553,0.25553,1
1.953,2.249,-1
0.15159,1.8928,-1
-0.37819,2.0637,-1
0.70154,-0.68066,1
0.17708,0.16827,-1
1.9067,1.2362,-1
0.96706,-0.23631,1
-0.16467,2.2074,-1
2.0542,1.7009,-1
1.8602,2.5938,-1
-0.20286,-0.74419,1
-1.0438,1.2511,1
-0.53542,-0.77195,1
0.047806,1.1743,1
-0.22173,0.91689,1
-1.0721,-0.22395,1
-0.16542,-1.0517,1
-0.18026,-0.029834,-1
0.70042,0.41583,1
2.1426,0.48204,-1
-0.15314,0.10745,1
2.3435,0.75369,-1
0.098006,1.6796,-1
0.1211,2.303,-1
0.1356,-0.11232,-1
2.2008,0.62381,-1
1.6401,0.89213,1
-0.60535,-0.23499,1
2.2637,-1.9969,-1
1.8317,1.6372,-1
2.2524,0.51698,-1
1.9422,1.8245,-1
2.0709,-0.56062,-1
0.99662,-0.41005,1
2.1991,-0.37865,-1
-0.17829,1.168,1
0.20021,-0.014719,-1
-0.14537,-0.013482,1
-0.98126,-0.28202,1
0.1138,-0.14482,-1
0.012341,1.9347,-1
1.699,-0.41342,1
1.9068,0.99861,-1
0.59922,-0.96401,1
0.47896,-0.21312,-1
2.0092,1.102,-1
1.8371,-0.9613,-1
2.0802,1.1576,-1
-0.28336,0.13942,-1
-0.17238,0.17901,-1
2.0112,0.20675,-1
0.77827,0.51643,1
0.059173,-0.33936,-1
2.0415,1.1266,-1
1.9927,2.3612,-1
-0.028804,0.46247,1
-0.3566,-0.16448,-1
0.023901,-0.086837,-1
0.77857,-0.27506,1
0.069147,0.056859,-1
0.37813,1.0728,1
0.29159,1.9978,-1
1.1547,-1.3034,1
0.043118,1.9315,-1
-0.155,0.52084,-1
-0.25805,1.9492,-1
-0.48203,1.154,1
0.19262,0.66043,1
1.4673,-0.66722,1
1.6754,1.5065,-1
-0.18363,0.10985,-1
0.15962,0.42411,-1
1.5636,0.60959,1
2.4223,2.4442,-1
0.91107,-0.32792,1
2.0098,0.66273,-1
-0.64376,-1.1854,1
2.0289,0.74846,-1
0.28998,0.12261,1
1.7772,-0.089277,-1
-1.0069,0.40462,1
-1.6846,-0.056771,1
-0.35616,0.29398,1
-0.63258,-2.2532,1
1.534,1.2426,1
-1.4059,-0.83615,1
-0.74187,0.096287,1
-0.23442,1.9923,-1
2.0973,1.7312,-1
1.4441,0.012087,1
-0.61147,-0.60043,1
0.14959,0.045214,-1
-2.3568,0.68222,1
0.56851,-0.48807,1
-0.27349,0.11939,1
0.28102,-0.67979,1
-0.17143,2.2145,-1
0.57481,1.482,1
0.27024,1.9261,-1
-0.20094,-0.11965,-1
-2.0219,0.17935,1
-0.74508,-0.75922,1
2.1383,1.9762,-1
-0.33177,-0.11989,-1
2.1336,0.98317,-1
1.7432,-0.28557,1
2.0696,1.5007,-1
0.34562,1.2288,1
0.30584,0.51076,1
0.70014,1.2949,1
1.797,1.1192,-1
2.1823,1.994,-1
0.06012,0.061786,-1
0.82615,-0.26698,1
1.8795,-1.3634,1
2.3319,2.1219,-1
2.0553,1.9398,-1
0.03287,2.057,-1
1.5019,1.0008,-1
1.9001,1.0456,-1
-0.15687,0.30245,1
1.1396,-0.50963,1
-0.019868,2.0345,-1
1.6968,0.75762,1
0.23613,2.016,-1
0.018461,-0.27845,1
-1.1054,0.606,1
-1.1541,1.3301,1
1.2117,1.6912,1
0.33576,0.23699,-1
-0.56634,-0.086128,1
-1.5015,-1.1789,1
-0.25551,-0.56943,1
1.9159,1.6625,-1
-0.40871,-0.14465,1
0.94578,-0.60081,1
1.7151,-0.81265,-1
-0.4509,1.9201,-1
0.16218,-0.093464,-1
-1.0958,-0.96249,1
1.8309,1.3154,-1
0.12627,0.098019,-1
-0.26041,-0.57276,1
0.31524,2.4396,1
0.11987,2.1163,-1
2.1491,0.33241,-1
-0.37253,1.9585,-1
0.67922,1.6507,1
-0.30465,-0.081617,-1
0.79921,-0.8666,1
-0.11496,0.44797,1
-0.075165,2.0235,-1
0.42118,0.5322,1
2.1423,0.63783,-1
-0.15468,-0.30294,-1
-0.41559,1.2787,1
-1.1589,-0.080798,1
0.075928,1.9899,-1
-0.18118,0.090914,1
0.49095,0.32808,1
0.51194,-0.70685,1
-0.05946,0.20722,1
-0.086866,1.9702,-1
-1.287,-0.53029,1
-0.28497,1.9091,-1
1.3307,-0.1532,1
-0.037072,2.0366,-1
-0.11417,-0.78993,1
-0.53473,0.44556,1
2.1643,1.9519,-1
1.8478,0.07458,-1
1.1565,0.20371,1
0.0031022,-0.29393,-1
1.8164,3.0372,-1
-0.95282,-1.1011,1
2.4271,1.9476,-1
-0.064041,2.0153,-1
0.056636,0.37998,1
-0.35499,2.0181,-1
1.152,-0.49996,1
-0.83794,-1.4228,1
0.36607,-0.14397,-1
0.14154,-0.50086,1
0.77158,-0.26559,1
-1.0516,1.1928,1
0.018738,0.27596,-1
0.27633,0.93976,1
-1.3177,0.42581,1
-1.0348,1.5211,1
0.034384,1.7858,-1
-0.059753,2.3073,-1
1.8908,0.55493,-1
1.9634,0.14577,-1
0.2319,0.13551,-1
0.99824,0.85478,1
0.010653,-0.1702,-1
-0.10882,0.89931,1
2.2172,0.48998,-1
0.079067,2.1481,-1
-1.2742,0.40405,1
0.35548,0.15526,1
-0.13607,-0.3312,1
1.9709,0.98652,-1
-0.06506,0.32341,1
1.8127,1.4666,-1
0.21562,0.4084,1
1.7683,0.56212,-1
-0.35003,0.25151,1
0.14543,0.19229,-1
1.9836,0.60886,-1
2.8478,0.83717,1
0.15894,1.7839,-1
2.2293,1.1479,-1
0.12167,0.86572,1
0.71664,1.7348,1
2.0216,0.88034,-1
-1.0156,-0.96165,1
1.7201,0.47164,-1
0.079487,0.86848,1
2.0071,0.6022,-1
-0.63178,0.11519,1
0.81669,1.5952,1
1.9013,1.584,-1
0.99921,-0.89807,1
1.8039,0.81358,-1
-0.17932,0.099869,-1
-0.63242,-1.2187,1
0.15962,1.8959,-1
-0.80997,0.61997,1
1.9786,0.88849,-1
-0.20725,-0.12915,-1
-0.65794,-0.46266,1
2.0423,2.331,-1
-0.11893,1.6863,-1
-0.051669,1.9421,-1
0.11124,0.50369,1
0.1208,2.0339,-1
-0.71321,1.2334,1
-0.32333,-0.42086,1
1.7408,-1.5719,1
0.21435,1.2484,1
2.1164,1.1048,-1
-0.20798,1.2103,1
-0.054862,0.2562,-1
1.1844,-1.0565,1
-0.75579,-0.38028,1
1.0145,1.7139,1
0.0090953,-0.96638,1
0.88757,0.21111,1
-2.107,-0.88506,1
-0.56558,-0.47926,1
-0.12145,1.9989,-1
-1.1885,-1.6911,1
0.24406,-1.6088,1
-0.1815,1.8262,-1
-1.5354,1.6422,1
-0.043736,-0.37327,1
1.8738,0.48108,-1
-0.55436,3.011,1
-0.7033,-0.023761,1
1.7123,-1.1146,1
1.9675,0.5653,-1
-0.033547,0.14317,-1
0.22514,0.29669,1
1.0213,0.66184,1
0.91996,-0.068458,1
0.46685,-0.35604,-1
-0.95939,1.4611,1
0.028683,1.8919,-1
-0.28323,-0.22818,-1
1.1199,-2.4263,1
0.23827,-0.80967,1
1.8119,0.89307,1
-0.075697,-0.92666,1
-0.71783,-1.1433,1
1.1142,0.67613,1
1.9857,0.18846,-1
1.9611,0.63372,-1
-0.27723,1.8907,-1
-0.24751,-0.22376,-1
0.93322,1.1786,1
-0.18433,1.8587,-1
2.0498,0.62779,-1
0.37092,-0.60188,1
0.21272,0.74482,1
0.70678,0.30432,1
2.0958,2.5085,-1
-0.0084911,-0.41111,1
1.3585,0.19551,1
2.4078,0.78424,-1
0.11111,-0.22622,-1
2.236,0.63886,-1
-0.3298,-0.26188,1
-1.0242,-0.019567,1
0.34561,0.98975,1
0.030523,2.177,-1
-0.5145,-0.053345,1
-0.27863,0.3299,1
1.9644,-0.86813,-1
0.33542,-2.0466,1
0.36903,0.01258,-1
-0.27664,2.1646,-1
1.7046,1.4369,-1
-0.84476,-1.023,1
2.0495,0.96725,-1
0.81815,-0.67953,1
-0.40348,0.079869,-1
1.9063,0.97114,-1
1.7926,0.83142,-1
1.7736,-0.65199,-1
1.962,2.5337,-1
0.003775,0.31738,1
-1.7447,-0.0080777,1
0.10899,2.0148,-1
-0.10279,-0.085163,-1
-1.325,0.94662,1
-0.47396,-0.39071,1
0.71169,-1.1829,1
-0.18425,-0.95802,1
-0.035539,2.3512,-1
-0.19185,-0.1294,-1
0.49721,1.7258,1
-0.99332,0.62563,1
0.093662,1.9736,1
-0.077534,1.9684,-1
1.3799,1.8417,1
-0.8863,1.2316,1
-0.11268,1.9328,-1
-1.6639,-0.40589,1
-0.012768,-1.9441,1
1.9443,0.91149,-1
-0.39525,0.1705,-1
-1.1165,-0.56337,1
-1.3047,1.6894,1
-0.4857,-0.007586,1
-0.51022,0.32358,1
1.9324,2.035,-1
-0.10266,1.8744,-1
1.9657,1.9103,-1
-0.1411,1.705,-1
-0.33763,0.15438,1
-1.2414,1.95,1
-0.21602,1.9017,-1
-0.3478,-0.189,1
2.2175,1.3345,-1
-0.90438,-0.786,1
-0.039146,2.2216,-1
-0.9647,-0.348,1
0.85446,1.9684,1
-0.16139,-2.4379,1
1.9797,1.0346,-1
0.45985,1.4932,1
-0.11261,1.5557,1
0.1651,1.9658,-1
2.0809,-0.5852,-1
0.14234,1.8718,-1
0.78045,1.6978,1
1.8607,0.13636,-1
0.36415,1.8599,-1
-0.17521,1.9728,-1
-0.19154,-0.00080554,-1
2.2048,1.1384,-1
-0.021634,0.37755,-1
1.9407,3.2243,-1
2.3423,1.0063,-1
-0.42665,-0.92573,1
1.5869,-0.069026,-1
3.029,-0.2177,1
-0.077376,1.6885,1
-0.33723,-0.17461,-1
0.058611,-0.11425,-1
0.56063,-0.67264,1
-0.89093,0.01863,1
1.8891,4.011,-1
1.687,0.9396,-1
-0.32414,1.9738,-1
-0.062258,-0.0020235,-1
2.6188,1.0777,1
0.31373,-1.0583,1
0.066436,2.2473,-1
1.9737,-1.8065,1
-0.57801,0.10776,1
-0.39351,-1.181,1
0.16095,0.55401,1
-0.56045,0.89022,1
0.26379,0.12727,1
0.10117,2.1645,-1
0.60702,-0.71925,1
0.049244,-0.33727,1
-0.48179,-0.092439,1
0.14988,-0.30903,-1
0.052787,-0.15757,-1
-0.010085,0.13376,-1
0.71426,0.66003,1
-0.79868,0.38042,1
-1.985,0.072219,1
2.0152,2.1033,-1
1.8857,1.3379,-1
-1.5466,0.098183,1
0.53615,0.83615,1
2.0795,2.0476,-1
0.83737,-0.30147,1
1.7757,-0.51016,1
0.075275,2.1136,-1
0.12586,-0.090522,-1
-0.20603,-0.08144,-1
-0.21372,2.1348,-1
2.8464,-0.68228,1
1.8765,2.3828,-1
-0.075476,-0.10755,-1
-0.16073,0.012697,-1
2.0999,-1.2346,-1
-1.0073,2.1363,1
1.3299,0.6651,1
-0.063957,0.25986,-1
-0.35933,-0.24385,1
0.4155,-0.83623,1
2.3104,0.47789,-1
0.10061,0.38842,-1
-0.21556,0.75586,1
1.9747,1.6241,-1
-0.51366,-1.4741,1
0.46043,-0.46934,1
-1.4715,-1.2899,1
-0.068772,-0.093292,-1
1.6534,1.7752,-1
0.2813,-0.22825,-1
-1.6523,-0.55705,1
-0.037782,-0.030956,-1
1.4049,-0.38271,1
0.5217,1.9586,1
2.2665,1.6651,-1
1.9638,1.0909,-1
1.8138,1.075,-1
0.80518,-1.4626,1
-0.064933,0.09248,-1
-0.055765,0.18625,-1
-0.14856,1.9716,-1
-0.78371,-0.16223,1
1.9974,0.14021,-1
1.8592,1.3531,-1
2.1744,2.0601,-1
-0.60864,0.36196,1
1.8517,0.76257,-1
0.0060647,0.12018,-1
2.1679,0.79585,-1
0.60235,-0.089516,1
0.47918,0.068062,1
-0.50755,1.127,1
1.3414,-0.054214,1
2.4021,0.58203,-1
-1.6287,1.7462,1
2.2848,1.2711,-1
0.094289,-0.40135,-1
0.2045,-1.3835,1
0.15595,0.67833,1
2.1601,0.46705,-1
0.39437,0.66068,1
-1.8872,-0.28388,1
2.3482,0.32261,-1
2.1,1.0354,-1
0.15906,-0.71997,1
-0.45919,-0.057774,-1
2.2008,1.6613,-1
-0.5419,0.72492,1
0.1016,1.0449,1
-0.53823,-0.5358,1
-0.45313,-0.24653,1
2.1345,1.1957,-1
2.1104,2.4392,-1
1.1916,2.8061,1
0.062251,2.1665,-1
2.2364,0.37912,-1
-0.2603,-1.3786,1
0.70752,-1.3394,1
1.9449,1.5595,-1
-0.42273,1.0909,1
1.9958,0.73145,-1
-0.28474,-1.0211,1
0.074354,2.1675,-1
0.69676,-1.1553,1
1.4234,1.0047,1
-0.62936,-1.1905,1
-1.4385,-0.086338,1
0.36347,0.93189,1
-0.95645,0.083844,1
0.49949,-1.0503,1
0.028122,0.016497,-1
-0.0076786,2.1578,-1
0.60878,0.60025,1
0.34299,0.86523,1
1.7263,1.0049,-1
2.1614,1.097,-1
-0.86842,1.0033,1
-0.68705,-2.2529,1
0.43267,-1.7226,1
1.6741,1.309,-1
0.25673,1.9789,-1
0.18485,-0.27512,1
0.018063,-0.30019,-1
-0.23804,-0.66584,1
0.36267,0.044722,1
1.8563,0.35301,-1
0.72631,-0.53924,1
0.43154,2.5051,1
0.41088,0.018587,1
1.917,1.4928,-1
-1.3031,0.99344,1
-0.22263,2.089,-1
-1.0284,-0.32521,1
-0.45352,1.5969,-1
-0.026344,0.052152,-1
-0.31289,-0.76476,1
2.0229,-0.21614,-1
0.013843,-1.0904,1
-0.28718,-0.16141,-1
-0.12089,1.7645,-1
1.8662,-1.5182,1
-0.35253,0.2669,-1
-0.92287,0.19907,1
0.798,0.040419,1
-2.29,-0.2292,1
0.47869,-0.04123,1
0.19238,1.8057,-1
2.254,0.92486,-1
1.1482,0.67778,1
1.6596,-0.2011,-1
-1.4286,-0.67226,1
-0.47227,0.42738,1
1.8985,2.127,-1
0.10166,0.093544,-1
-2.0949,0.059654,1
2.3487,1.3077,-1
-2.6251,-1.7509,1
-0.44516,-0.71595,1
1.9304,0.88759,-1
1.925,0.78947,-1
1.4521,-0.67008,1
0.037803,-0.44094,-1
0.11656,1.6573,-1
0.26557,-1.2396,1
0.85566,-0.56994,1
2.0416,-0.46957,-1
0.5084,0.017308,-1
-0.63998,1.2256,1
0.66459,-0.99692,1
1.7321,1.3619,-1
1.5934,0.39575,1
0.027824,2.0031,-1
1.8659,0.16213,-1
-0.56821,0.61927,1
-1.5134,0.60071,1
-0.73744,-2.3476,1
-0.28942,-0.30693,1
1.9076,0.58048,-1
2.3227,-0.17992,-1
1.9395,0.93989,-1
2.5014,1.3188,-1
0.90544,0.77226,1
2.1527,1.647,-1
2.0997,-0.42666,-1
0.62652,0.71377,1
0.33249,-0.34947,1
1.1143,0.29949,1
1.9328,2.5242,-1
-0.61815,-0.38416,1
0.81704,0.16403,1
1.8504,0.55705,-1
0.59684,-1.7845,1
0.38496,0.22112,-1
0.3419,0.40418,1
1.3758,-0.19557,1
0.2685,1.8683,-1
1.8051,0.81824,-1
1.8979,0.33344,-1
0.066467,0.045854,-1
-0.055778,0.063376,-1
-1.1047,-1.5591,1
0.75679,0.42406,1
0.048399,-0.30369,1
-0.36245,-0.1478,-1
-1.2064,0.031264,1
-0.72265,0.71335,1
-0.20961,0.18161,-1
-2.4346,-0.76043,1
-0.28872,1.9745,-1
0.11699,0.4303,-1
1.1134,1.7507,1
0.090904,2.2039,-1
1.5072,1.507,-1
1.7174,-0.24631,1
0.058856,-0.065724,-1
1.7719,1.7632,-1
0.043106,2.054,-1
1.8868,0.021028,-1
1.8963,1.8408,-1
-1.6396,0.59533,1
0.11526,-0.1477,-1
1.5628,1.1919,-1
0.018636,0.56872,1
2.141,0.26529,-1
1.5217,1.1772,-1
-0.041337,-0.11749,-1
0.22878,-2.9562,1
1.7359,1.8635,-1
-0.1928,0.31276,1
0.072069,-0.65156,1
-1.5815,-1.3793,1
0.11584,2.0514,-1
2.0325,1.2828,-1
0.52905,-0.428,1
-1.0621,1.1543,1
0.04607,0.94122,1
-0.8361,-0.35259,1
-0.24565,0.53829,1
-0.68755,-0.047695,1
1.7025,-0.57795,-1
0.20401,1.9802,-1
-1.1407,-1.9763,1
0.15609,-1.3837,1
2.4432,0.042036,-1
1.2047,-0.14851,1
1.9397,0.28471,-1
2.0605,0.62264,-1
-0.51881,0.34332,1
-0.57403,0.90439,1
0.20126,-0.052463,1
1.9349,1.8531,-1
-1.7355,-0.18002,1
-1.3955,-0.42996,1
1.7124,1.0124,-1
-0.18677,0.20224,-1
1.9584,2.2103,-1
-0.017936,0.064574,-1
1.6043,1.2447,-1
2.2771,1.5744,-1
-0.46678,-1.2093,1
-0.2183,0.4158,1
1.7221,2.8337,-1
2.1336,-1.1073,-1
-0.34149,1.5179,1
1.9666,2.3506,-1
1.8152,0.018772,-1
1.2059,-0.52675,1
2.0732,1.8603,-1
2.8068,-3.0401,1
1.9397,1.9736,-1
1.5733,0.0066644,-1
-0.25966,-0.32722,1
0.17232,0.23825,1
-0.51205,-2.9685,1
0.70484,-0.73471,1
-0.72551,0.99756,1
2.037,0.56945,-1
0.45314,-1.5399,1
-0.40083,-0.70632,1
-0.23107,0.30825,1
0.48342,0.3516,1
0.26612,-1.4879,1
0.076796,1.7498,-1
-1.2787,0.34037,1
0.017084,2.03,-1
0.18866,0.095278,-1
2.233,0.62585,-1
1.831,-0.02302,-1
0.029049,0.0517,-1
-0.86183,2.1761,1
-0.14267,0.26533,1
2.0142,1.8562,-1
1.1558,1.3777,1
-1.1138,-1.0893,1
-0.28774,-0.17493,-1
0.16931,0.0073173,-1
-0.19645,-0.4053,1
1.7391,2.6894,-1
1.5534,-0.033079,1
-0.38921,1.1404,1
-1.5869,-0.63164,1
-0.51708,-0.73887,1
0.12629,-0.031766,-1
-0.2997,-0.13505,-1
-0.054756,2.154,-1
-1.0438,1.0452,1
1.712,-0.45727,1
0.24113,-0.14139,-1
0.35791,-0.28818,1
1.9496,0.72299,-1
0.19145,-0.43723,1
0.18923,2.0485,-1
1.9382,0.83917,-1
1.6362,1.6942,-1
-0.90734,-0.23069,1
0.20292,0.26439,1
-0.13487,0.049293,1
-0.093209,-0.12776,1
0.24604,1.7649,-1
